
%liczba neuronów ukrytych: 8, liczba wejœæ sieci: 5
%wejœcie 1: u(k-5)
%wejœcie 2: u(k-6)
%wejœcie 3: u(k-7)
%wejœcie 4: y(k-1)
%wejœcie 5: y(k-2)
%uczenie w trybie OE
w10(1,1)=-1.8974118492e-001; w1(1,1)=6.4496213500e-001; w1(1,2)=9.8861203879e-001; w1(1,3)=3.3557305536e-001; w1(1,4)=-2.4293589936e-001; w1(1,5)=-9.2334336798e-001; 
w10(2,1)=-3.5353986798e-001; w1(2,1)=9.8256537382e-002; w1(2,2)=-1.3811917066e-001; w1(2,3)=-3.8197343994e-001; w1(2,4)=-5.3335862668e-002; w1(2,5)=-9.7804792060e-001; 
w10(3,1)=3.2799231016e-002; w1(3,1)=-9.1045621044e-002; w1(3,2)=1.1686076806e-001; w1(3,3)=1.1154907785e+000; w1(3,4)=1.3489504878e-001; w1(3,5)=7.7388770268e-001; 
w10(4,1)=-8.0128319477e-002; w1(4,1)=-2.9969706547e-001; w1(4,2)=-4.2351067508e-001; w1(4,3)=-5.0786957575e-001; w1(4,4)=-2.2894759037e-001; w1(4,5)=2.0054551357e-001; 
w10(5,1)=-6.0182131696e-001; w1(5,1)=-5.4326052176e-001; w1(5,2)=-4.6329119130e-001; w1(5,3)=-7.8186528052e-001; w1(5,4)=2.2727031223e-001; w1(5,5)=-1.1798880049e-001; 
w10(6,1)=-1.7557324193e-001; w1(6,1)=-1.2384416524e-001; w1(6,2)=3.1930280022e-002; w1(6,3)=2.9044694181e-001; w1(6,4)=-2.2035682703e-001; w1(6,5)=-5.4519589820e-001; 
w10(7,1)=3.9565965414e-001; w1(7,1)=1.9145494277e-001; w1(7,2)=4.6478371366e-001; w1(7,3)=9.9383334853e-001; w1(7,4)=6.3134386535e-002; w1(7,5)=5.1983765564e-001; 
w10(8,1)=-2.6650136961e-001; w1(8,1)=-2.8512319248e-001; w1(8,2)=-1.8622318643e-001; w1(8,3)=6.4599966073e-002; w1(8,4)=-5.1203788626e-002; w1(8,5)=1.3447243959e+000; 
w20=-1.0813266501e-001; w2(1)=1.1097827927e-001; w2(2)=-4.3974647264e-001; w2(3)=-1.2527102601e-001; w2(4)=9.3122130167e-002; w2(5)=1.1827593425e-001; w2(6)=-2.1820213389e-001; w2(7)=2.5180355498e-001; w2(8)=2.9632777167e-001; 

