
%liczba neuronów ukrytych: 4, liczba wejœæ sieci: 5
%wejœcie 1: u(k-5)
%wejœcie 2: u(k-6)
%wejœcie 3: u(k-7)
%wejœcie 4: y(k-1)
%wejœcie 5: y(k-2)
%uczenie w trybie OE
w10(1,1)=-5.6313023190e-001; w1(1,1)=-1.5317312762e-001; w1(1,2)=-3.9958873686e-002; w1(1,3)=-2.6973546419e-002; w1(1,4)=-5.0120459360e-001; w1(1,5)=-1.3424972943e+000; 
w10(2,1)=-1.8910843152e-001; w1(2,1)=-5.7005093730e-001; w1(2,2)=-3.0198109868e-002; w1(2,3)=4.0069042920e+000; w1(2,4)=-1.7709260014e+000; w1(2,5)=-2.0276230793e-001; 
w10(3,1)=2.7711233600e-001; w1(3,1)=-4.7366697903e-001; w1(3,2)=-1.0721299386e-001; w1(3,3)=-3.2619480507e-001; w1(3,4)=-2.6926250247e-001; w1(3,5)=6.4067283471e-001; 
w10(4,1)=-9.6550974604e-002; w1(4,1)=-1.2987071305e-001; w1(4,2)=3.6818599326e-001; w1(4,3)=-1.6255785268e+000; w1(4,4)=2.8029946125e-002; w1(4,5)=8.9013743470e-001; 
w20=-2.5886928397e-001; w2(1)=-5.1857985970e-001; w2(2)=1.2635113645e-001; w2(3)=8.5288981050e-002; w2(4)=9.4733376808e-002; 

