
%liczba neuronów ukrytych: 4, liczba wejœæ sieci: 4
%wejœcie 1: u(k-5)
%wejœcie 2: u(k-6)
%wejœcie 3: y(k-1)
%wejœcie 4: y(k-2)
%uczenie w trybie ARX
w10(1,1)=1.7067135331e-001; w1(1,1)=-8.6111532688e-003; w1(1,2)=1.9385395151e-002; w1(1,3)=1.0422292645e+000; w1(1,4)=-9.0664968510e-002; 
w10(2,1)=5.1655652747e-001; w1(2,1)=1.3435584644e+000; w1(2,2)=1.4820648603e+000; w1(2,3)=1.4551098931e+000; w1(2,4)=1.3623722973e+000; 
w10(3,1)=3.6351913762e-001; w1(3,1)=1.2339793955e+000; w1(3,2)=1.3940292764e+000; w1(3,3)=1.3273246078e+000; w1(3,4)=1.3282066409e+000; 
w10(4,1)=-1.7576274240e-001; w1(4,1)=-1.1680751612e+000; w1(4,2)=-1.3416587591e+000; w1(4,3)=-1.0262788093e+000; w1(4,4)=-1.6450041731e+000; 
w20=-1.8452707354e-001; w2(1)=1.0229946648e+000; w2(2)=-1.4002576771e+000; w2(3)=2.4668958203e+000; w2(4)=1.0459655016e+000; 

