
%liczba neuronów ukrytych: 5, liczba wejœæ sieci: 5
%wejœcie 1: u(k-5)
%wejœcie 2: u(k-6)
%wejœcie 3: u(k-7)
%wejœcie 4: y(k-1)
%wejœcie 5: y(k-2)
%uczenie w trybie OE
w10(1,1)=2.9200813281e-001; w1(1,1)=-2.1675117010e-001; w1(1,2)=-1.1762309343e-002; w1(1,3)=2.7474518082e-001; w1(1,4)=-1.8342664904e-001; w1(1,5)=1.7935961484e+000; 
w10(2,1)=-8.9529081142e-001; w1(2,1)=-3.2695069400e-001; w1(2,2)=-8.3918451182e-001; w1(2,3)=-2.1413188359e+000; w1(2,4)=3.2934922100e-001; w1(2,5)=2.8176454712e-001; 
w10(3,1)=-7.7032546567e-001; w1(3,1)=1.8018805621e-001; w1(3,2)=6.0869233715e-001; w1(3,3)=1.0235609448e+000; w1(3,4)=-8.7647020334e-001; w1(3,5)=-6.7711529099e-001; 
w10(4,1)=-6.8076476830e-001; w1(4,1)=1.2165335899e-001; w1(4,2)=3.0189126638e-001; w1(4,3)=3.6057279059e-001; w1(4,4)=-8.3493926824e-001; w1(4,5)=1.0935702253e+000; 
w10(5,1)=3.7816155136e-001; w1(5,1)=1.1712628532e+000; w1(5,2)=1.4242476554e+000; w1(5,3)=6.0895791774e-001; w1(5,4)=4.0675511903e-001; w1(5,5)=-3.5000382283e-001; 
w20=-3.0171691525e-001; w2(1)=6.5310604704e-001; w2(2)=1.4289729701e-002; w2(3)=1.5185690208e-001; w2(4)=-3.3512728002e-001; w2(5)=8.1565766910e-002; 

