
%liczba neuronów ukrytych: 7, liczba wejœæ sieci: 5
%wejœcie 1: u(k-5)
%wejœcie 2: u(k-6)
%wejœcie 3: u(k-7)
%wejœcie 4: y(k-1)
%wejœcie 5: y(k-2)
%uczenie w trybie OE
w10(1,1)=4.9237902412e-001; w1(1,1)=3.2086647593e-001; w1(1,2)=1.9602661622e-001; w1(1,3)=2.3662659072e-001; w1(1,4)=-2.5399972739e-001; w1(1,5)=-1.9786593248e+000; 
w10(2,1)=1.2148871302e+000; w1(2,1)=6.0379867835e-001; w1(2,2)=7.2964149766e-001; w1(2,3)=1.1780254985e+000; w1(2,4)=5.9499852856e-001; w1(2,5)=1.2435559155e+000; 
w10(3,1)=5.0173920309e-001; w1(3,1)=2.6307664623e-002; w1(3,2)=-2.3955445338e-002; w1(3,3)=-1.3373527120e-001; w1(3,4)=6.9764362999e-001; w1(3,5)=9.4405324676e-001; 
w10(4,1)=-2.6193424987e-002; w1(4,1)=3.2644977926e-001; w1(4,2)=1.9037728641e-001; w1(4,3)=3.3448071924e-001; w1(4,4)=-1.0673885395e+000; w1(4,5)=-4.7873112772e-001; 
w10(5,1)=1.2110752094e-001; w1(5,1)=-4.6745108679e-001; w1(5,2)=-7.4830896428e-001; w1(5,3)=-8.5623580534e-001; w1(5,4)=4.8184841298e-001; w1(5,5)=4.6644668360e-002; 
w10(6,1)=3.0273036356e-001; w1(6,1)=2.3335236643e-001; w1(6,2)=1.2986443451e-001; w1(6,3)=2.4607825638e-001; w1(6,4)=4.3963458303e-001; w1(6,5)=-1.0618793284e+000; 
w10(7,1)=4.6508867986e-001; w1(7,1)=5.9385813304e-002; w1(7,2)=2.5334887026e-001; w1(7,3)=7.6300490257e-001; w1(7,4)=3.4231741771e-001; w1(7,5)=4.7168827267e-001; 
w20=-6.9841996661e-002; w2(1)=-1.5010869763e-001; w2(2)=-1.2951531169e-002; w2(3)=3.1703496488e-001; w2(4)=1.2426175493e-001; w2(5)=-7.8261316103e-002; w2(6)=-3.5988444814e-001; w2(7)=2.7733895710e-001; 

