
%liczba neuronów ukrytych: 10, liczba wejœæ sieci: 5
%wejœcie 1: u(k-5)
%wejœcie 2: u(k-6)
%wejœcie 3: u(k-7)
%wejœcie 4: y(k-1)
%wejœcie 5: y(k-2)
%uczenie w trybie OE
w10(1,1)=-1.3609283408e-001; w1(1,1)=5.4885475713e-001; w1(1,2)=-7.3237638994e-002; w1(1,3)=-9.0633610412e-001; w1(1,4)=-3.3520243967e-001; w1(1,5)=-6.9477473058e-001; 
w10(2,1)=1.8727900776e-001; w1(2,1)=-3.7518956940e-001; w1(2,2)=-1.1246463608e-001; w1(2,3)=6.8306355892e-001; w1(2,4)=1.8823966079e-001; w1(2,5)=3.7879327520e-001; 
w10(3,1)=-6.3801810661e-001; w1(3,1)=-1.0259642392e-001; w1(3,2)=-7.6963780922e-002; w1(3,3)=-4.4932118647e-002; w1(3,4)=-6.6655600524e-002; w1(3,5)=-2.9814173973e-001; 
w10(4,1)=1.3193480047e-001; w1(4,1)=1.7471719759e-001; w1(4,2)=-1.2319475798e-001; w1(4,3)=-3.7080323042e-001; w1(4,4)=-1.9677659463e-001; w1(4,5)=-1.6723055427e-001; 
w10(5,1)=-1.3623120611e-001; w1(5,1)=4.2071060674e-001; w1(5,2)=-2.4595005774e-001; w1(5,3)=-1.3375890260e+000; w1(5,4)=-7.9254442121e-002; w1(5,5)=-8.8264894557e-001; 
w10(6,1)=1.4667247154e-001; w1(6,1)=-5.7484030322e-001; w1(6,2)=6.9380687197e-002; w1(6,3)=9.9350280939e-001; w1(6,4)=3.9995409411e-001; w1(6,5)=9.6461216128e-001; 
w10(7,1)=-5.7001369842e-001; w1(7,1)=4.1893181448e-001; w1(7,2)=-1.2121224620e-001; w1(7,3)=-1.2028843708e+000; w1(7,4)=-2.3919322314e-001; w1(7,5)=-8.5545108145e-001; 
w10(8,1)=7.5375869175e-002; w1(8,1)=4.6026181720e-001; w1(8,2)=5.5326205954e-001; w1(8,3)=1.0490597255e+000; w1(8,4)=8.8592282363e-004; w1(8,5)=1.6909992731e-002; 
w10(9,1)=3.1508860930e-001; w1(9,1)=-7.9073272330e-001; w1(9,2)=6.0496369223e-002; w1(9,3)=1.2510465345e+000; w1(9,4)=3.2986311432e-001; w1(9,5)=1.0570595300e+000; 
w10(10,1)=4.1119617416e-001; w1(10,1)=7.4975008645e-002; w1(10,2)=2.2767078141e-001; w1(10,3)=2.3724648015e-001; w1(10,4)=-1.1989606982e-001; w1(10,5)=-4.7787930724e-001; 
w20=-2.5557717972e-001; w2(1)=-4.5086442715e-002; w2(2)=-9.4474434039e-003; w2(3)=-7.0388932344e-001; w2(4)=-2.8015955941e-003; w2(5)=2.4697419867e-001; w2(6)=4.6179967024e-001; w2(7)=-1.7961893020e-001; w2(8)=1.6086169951e-001; w2(9)=-1.6901345962e-001; w2(10)=-5.9635200488e-001; 

