
%liczba neuronów ukrytych: 4, liczba wejœæ sieci: 4
%wejœcie 1: u(k-5)
%wejœcie 2: u(k-6)
%wejœcie 3: y(k-1)
%wejœcie 4: y(k-2)
%uczenie w trybie OE
w10(1,1)=-6.8182604049e-001; w1(1,1)=3.3804877407e-001; w1(1,2)=9.3415998948e-001; w1(1,3)=2.8655273889e-003; w1(1,4)=2.0593663745e-001; 
w10(2,1)=-1.8662128637e-001; w1(2,1)=7.9893806401e-003; w1(2,2)=-4.0181624307e-001; w1(2,3)=-7.8142782508e-001; w1(2,4)=-1.4641466078e-001; 
w10(3,1)=-3.6602203019e-001; w1(3,1)=4.4597689213e-001; w1(3,2)=1.0338468315e+000; w1(3,3)=-6.1946757640e-001; w1(3,4)=-5.2195607342e-001; 
w10(4,1)=-3.0392480363e-002; w1(4,1)=2.0434278363e-001; w1(4,2)=3.9503648321e-001; w1(4,3)=-3.3147775672e-001; w1(4,4)=-4.4221602871e-001; 
w20=-1.4962170356e-001; w2(1)=-1.3849215291e-001; w2(2)=-7.3734643433e-001; w2(3)=2.5087866120e-001; w2(4)=-6.3844976238e-001; 

