
%liczba neuronów ukrytych: 9, liczba wejœæ sieci: 4
%wejœcie 1: u(k-5)
%wejœcie 2: u(k-6)
%wejœcie 3: y(k-1)
%wejœcie 4: y(k-2)
%uczenie w trybie OE
w10(1,1)=2.6011666387e-001; w1(1,1)=1.1298033944e-001; w1(1,2)=1.6116233733e-001; w1(1,3)=2.9329061682e-001; w1(1,4)=3.6943985537e-001; 
w10(2,1)=1.1533853598e-001; w1(2,1)=-8.6488169158e-001; w1(2,2)=-6.3749636249e-001; w1(2,3)=3.4829025987e-001; w1(2,4)=4.8095313193e-001; 
w10(3,1)=-4.1860804981e-001; w1(3,1)=-3.2685807142e-001; w1(3,2)=-1.7326839389e+000; w1(3,3)=3.6897927525e-001; w1(3,4)=-8.1507577566e-001; 
w10(4,1)=-1.9197628739e-001; w1(4,1)=2.9820823067e-002; w1(4,2)=-8.7474390490e-001; w1(4,3)=3.0025770998e-001; w1(4,4)=-1.3136747568e-001; 
w10(5,1)=6.7774203291e-001; w1(5,1)=-5.6337744948e-001; w1(5,2)=7.2921728886e-001; w1(5,3)=2.4190575482e-001; w1(5,4)=7.8630355828e-001; 
w10(6,1)=-7.2337711016e-002; w1(6,1)=1.0443171561e+000; w1(6,2)=-8.4470837841e-001; w1(6,3)=6.2718440068e-001; w1(6,4)=-1.1635859212e+000; 
w10(7,1)=2.1850905727e-001; w1(7,1)=-1.8990419494e-001; w1(7,2)=2.6975208865e-001; w1(7,3)=-9.7482983087e-002; w1(7,4)=3.3688972062e-001; 
w10(8,1)=-2.0606525066e-002; w1(8,1)=1.0754875142e+000; w1(8,2)=-1.3422986412e-001; w1(8,3)=2.1240656004e-001; w1(8,4)=-6.8434289263e-001; 
w10(9,1)=5.2442628206e-001; w1(9,1)=5.4607997375e-001; w1(9,2)=-3.8519995190e-001; w1(9,3)=-1.1875661773e-001; w1(9,4)=-9.9433829134e-001; 
w20=-1.3566917039e-001; w2(1)=4.3188273266e-001; w2(2)=-1.3802537881e-001; w2(3)=-1.0673184382e-001; w2(4)=3.8604199483e-001; w2(5)=3.4284461125e-001; w2(6)=2.9854690115e-001; w2(7)=4.5039342750e-001; w2(8)=-1.3668501134e-001; w2(9)=-4.2974146623e-001; 

