
%liczba neuronów ukrytych: 9, liczba wejœæ sieci: 5
%wejœcie 1: u(k-5)
%wejœcie 2: u(k-6)
%wejœcie 3: u(k-7)
%wejœcie 4: y(k-1)
%wejœcie 5: y(k-2)
%uczenie w trybie OE
w10(1,1)=-2.2502058696e-001; w1(1,1)=2.2942797944e-001; w1(1,2)=-5.6660687085e-002; w1(1,3)=-6.1665914785e-001; w1(1,4)=-5.8425387852e-001; w1(1,5)=5.4827094404e-001; 
w10(2,1)=2.6468191496e-001; w1(2,1)=-3.6446483517e-001; w1(2,2)=9.6847441981e-002; w1(2,3)=7.9954368877e-001; w1(2,4)=-1.7616916941e-001; w1(2,5)=1.2669346157e+000; 
w10(3,1)=8.6949619615e-002; w1(3,1)=2.9450139496e-001; w1(3,2)=4.3330016230e-002; w1(3,3)=-2.6036750918e-001; w1(3,4)=-2.7519216843e-001; w1(3,5)=-7.0986587905e-001; 
w10(4,1)=5.3545307445e-001; w1(4,1)=7.2549035163e-001; w1(4,2)=5.1760617815e-001; w1(4,3)=1.5102004699e-001; w1(4,4)=-5.2277642907e-001; w1(4,5)=-1.2063049940e+000; 
w10(5,1)=-4.7047237376e-001; w1(5,1)=2.7553538556e-001; w1(5,2)=-1.6075784407e-001; w1(5,3)=-7.4884958292e-001; w1(5,4)=1.7191481203e-002; w1(5,5)=-1.0650392342e+000; 
w10(6,1)=-4.6225503717e-002; w1(6,1)=-1.0363436847e+000; w1(6,2)=-9.3034629572e-001; w1(6,3)=-5.2416143409e-001; w1(6,4)=1.8853310236e-001; w1(6,5)=6.2063415267e-001; 
w10(7,1)=-2.2212059264e-001; w1(7,1)=-3.8734996982e-001; w1(7,2)=-5.5675213465e-001; w1(7,3)=-1.2412792076e+000; w1(7,4)=-3.4185858309e-001; w1(7,5)=-7.7019939191e-001; 
w10(8,1)=-1.6363786343e-001; w1(8,1)=1.7657054438e-001; w1(8,2)=-1.0637301281e-001; w1(8,3)=-3.4103688995e-001; w1(8,4)=-1.0227941721e-001; w1(8,5)=-1.1082273754e+000; 
w10(9,1)=8.7541260336e-002; w1(9,1)=-4.0749392095e-001; w1(9,2)=1.8318573183e-001; w1(9,3)=1.2716068796e+000; w1(9,4)=3.7446769277e-001; w1(9,5)=3.6892869204e-001; 
w20=-1.1344781000e-001; w2(1)=6.7186053701e-002; w2(2)=1.9572191029e-001; w2(3)=-1.4760389293e-001; w2(4)=-1.2873283253e-001; w2(5)=-2.7510399524e-001; w2(6)=-1.0584721000e-001; w2(7)=-6.1880367917e-002; w2(8)=-2.5633661014e-001; w2(9)=-3.0046290632e-001; 

