
%liczba neuronów ukrytych: 4, liczba wejœæ sieci: 4
%wejœcie 1: u(k-5)
%wejœcie 2: u(k-6)
%wejœcie 3: y(k-1)
%wejœcie 4: y(k-2)
%uczenie w trybie ARX
w10(1,1)=3.3095983619e-001; w1(1,1)=2.8352851844e-002; w1(1,2)=4.4899021234e-001; w1(1,3)=1.2016744550e+000; w1(1,4)=-1.5763279674e-001; 
w10(2,1)=-1.1384846681e-002; w1(2,1)=-3.0460646727e-002; w1(2,2)=1.2822070655e-001; w1(2,3)=-5.3368937217e-001; w1(2,4)=-1.1621329734e-001; 
w10(3,1)=-3.5439209261e-001; w1(3,1)=8.0642637540e-001; w1(3,2)=1.0415325311e+000; w1(3,3)=-1.7250028716e-001; w1(3,4)=-4.2197417876e-001; 
w10(4,1)=-1.0208665633e-001; w1(4,1)=4.7201507519e-001; w1(4,2)=5.3278072889e-001; w1(4,3)=-2.4967607561e-001; w1(4,4)=4.0216284564e-001; 
w20=-1.5219044982e-001; w2(1)=4.9867336843e-001; w2(2)=-8.4085223178e-001; w2(3)=1.2633833778e-001; w2(4)=-2.6967362976e-001; 

