
%liczba neuronów ukrytych: 3, liczba wejœæ sieci: 4
%wejœcie 1: u(k-5)
%wejœcie 2: u(k-6)
%wejœcie 3: y(k-1)
%wejœcie 4: y(k-2)
%uczenie w trybie OE
w10(1,1)=4.6882965052e-001; w1(1,1)=-1.4417895499e-001; w1(1,2)=3.0542641170e-001; w1(1,3)=6.4067940796e-001; w1(1,4)=-1.6587183347e+000; 
w10(2,1)=3.9864109680e-001; w1(2,1)=-2.3186356210e-001; w1(2,2)=6.3308936395e-001; w1(2,3)=1.1905465743e+000; w1(2,4)=-1.5140834547e-001; 
w10(3,1)=-9.0921311952e-001; w1(3,1)=-9.6951299783e-002; w1(3,2)=-8.4179641055e-001; w1(3,3)=1.2747623988e-001; w1(3,4)=3.6203038037e-001; 
w20=4.6659438564e-002; w2(1)=-3.3080833275e-001; w2(2)=6.3981053750e-001; w2(3)=2.0083488320e-001; 

