
%liczba neuronów ukrytych: 9, liczba wejœæ sieci: 5
%wejœcie 1: u(k-5)
%wejœcie 2: u(k-6)
%wejœcie 3: u(k-7)
%wejœcie 4: y(k-1)
%wejœcie 5: y(k-2)
%uczenie w trybie OE
w10(1,1)=1.2570483703e-001; w1(1,1)=3.0514790109e-001; w1(1,2)=1.2163084928e-001; w1(1,3)=-5.9826281630e-001; w1(1,4)=-7.7339803210e-002; w1(1,5)=1.5664313285e-001; 
w10(2,1)=-3.7238882948e-001; w1(2,1)=5.6717225304e-001; w1(2,2)=-7.7096516128e-002; w1(2,3)=-1.1748628635e+000; w1(2,4)=5.1474446940e-002; w1(2,5)=-1.1558291352e+000; 
w10(3,1)=3.4289074389e-002; w1(3,1)=-2.7989751454e-001; w1(3,2)=-4.8831701075e-001; w1(3,3)=-8.4592693632e-001; w1(3,4)=-1.7954442021e-001; w1(3,5)=2.5564427256e-001; 
w10(4,1)=-5.0966713762e-001; w1(4,1)=-2.7466302841e-001; w1(4,2)=-3.0101588375e-001; w1(4,3)=7.7107163476e-002; w1(4,4)=3.0610681665e-001; w1(4,5)=7.1586409484e-001; 
w10(5,1)=9.0962874061e-002; w1(5,1)=-3.6210686494e-001; w1(5,2)=-1.5556665603e-001; w1(5,3)=9.0105806289e-001; w1(5,4)=2.5484380760e-001; w1(5,5)=2.1299209363e-001; 
w10(6,1)=6.5379958487e-001; w1(6,1)=3.9858002084e-003; w1(6,2)=2.6171949859e-001; w1(6,3)=8.4460262571e-001; w1(6,4)=5.3844681478e-001; w1(6,5)=6.4488374301e-001; 
w10(7,1)=2.3226363249e-001; w1(7,1)=1.3109963644e-001; w1(7,2)=4.9304159691e-001; w1(7,3)=7.8626139806e-001; w1(7,4)=1.0372546056e-001; w1(7,5)=5.6824311922e-001; 
w10(8,1)=-2.9022912711e-001; w1(8,1)=4.0726680046e-001; w1(8,2)=3.5140271944e-002; w1(8,3)=-7.9079342009e-001; w1(8,4)=-2.7892506578e-002; w1(8,5)=-9.9727863382e-001; 
w10(9,1)=1.7182394474e-001; w1(9,1)=3.7956442126e-001; w1(9,2)=3.8645594940e-001; w1(9,3)=-6.9379482187e-002; w1(9,4)=-6.5011384839e-002; w1(9,5)=-1.2313879716e-001; 
w20=-5.8276170477e-002; w2(1)=3.8032368449e-001; w2(2)=4.1906134637e-001; w2(3)=-1.7242024342e-001; w2(4)=3.6260190477e-001; w2(5)=-1.1160589902e-001; w2(6)=1.9118721494e-001; w2(7)=-1.0153318626e-002; w2(8)=-8.7546550019e-001; w2(9)=-5.3256085831e-002; 

