
%liczba neuronów ukrytych: 2, liczba wejœæ sieci: 4
%wejœcie 1: u(k-5)
%wejœcie 2: u(k-6)
%wejœcie 3: y(k-1)
%wejœcie 4: y(k-2)
%uczenie w trybie OE
w10(1,1)=-2.8769992760e-001; w1(1,1)=-3.1026153734e-002; w1(1,2)=4.0891246433e-002; w1(1,3)=-1.4941480882e+000; w1(1,4)=3.7279354376e-001; 
w10(2,1)=-1.1682558031e-001; w1(2,1)=-1.0414568252e+000; w1(2,2)=4.0107704901e+000; w1(2,3)=6.1262601011e-001; w1(2,4)=-1.8007543184e+000; 
w20=-2.4559670099e-001; w2(1)=-8.9068168373e-001; w2(2)=3.4475109401e-002; 

