
%liczba neuronów ukrytych: 2, liczba wejœæ sieci: 5
%wejœcie 1: u(k-5)
%wejœcie 2: u(k-6)
%wejœcie 3: u(k-7)
%wejœcie 4: y(k-1)
%wejœcie 5: y(k-2)
%uczenie w trybie OE
w10(1,1)=6.2361707978e-001; w1(1,1)=1.0580230486e-001; w1(1,2)=-2.1962113300e-001; w1(1,3)=8.0700957766e-001; w1(1,4)=-9.0645069670e-001; w1(1,5)=-3.0717283959e-002; 
w10(2,1)=-2.9176888114e-001; w1(2,1)=3.2478630321e-002; w1(2,2)=3.7421527079e-002; w1(2,3)=-7.4717177127e-001; w1(2,4)=3.3560889246e-001; w1(2,5)=-1.1226908535e+000; 
w20=1.4896770666e-001; w2(1)=-6.0985572014e-001; w2(2)=-6.6412036590e-001; 

