
%liczba neuronów ukrytych: 4, liczba wejœæ sieci: 4
%wejœcie 1: u(k-5)
%wejœcie 2: u(k-6)
%wejœcie 3: y(k-1)
%wejœcie 4: y(k-2)
%uczenie w trybie OE
w10(1,1)=-9.6952819633e-001; w1(1,1)=1.5600477069e+000; w1(1,2)=-3.0644640763e+000; w1(1,3)=1.3446824144e+000; w1(1,4)=-1.5509215536e-002; 
w10(2,1)=-3.9507034667e-001; w1(2,1)=4.5186092391e-001; w1(2,2)=-9.7962760086e-001; w1(2,3)=-6.0359694949e-001; w1(2,4)=-5.0987491722e-001; 
w10(3,1)=1.5848647463e-001; w1(3,1)=8.4560120523e-001; w1(3,2)=-1.3686030276e+000; w1(3,3)=5.2116373758e-001; w1(3,4)=4.3233336301e-001; 
w10(4,1)=-2.8337970373e-001; w1(4,1)=-2.9959287628e-001; w1(4,2)=1.3715085794e-001; w1(4,3)=-6.2065093986e-001; w1(4,4)=1.8722296528e+000; 
w20=-7.5276801173e-002; w2(1)=1.1454447363e-001; w2(2)=-5.4232795492e-001; w2(3)=7.4344811767e-002; w2(4)=1.9597644672e-001; 

