
%liczba neuronów ukrytych: 4, liczba wejœæ sieci: 5
%wejœcie 1: u(k-5)
%wejœcie 2: u(k-6)
%wejœcie 3: u(k-7)
%wejœcie 4: y(k-1)
%wejœcie 5: y(k-2)
%uczenie w trybie OE
w10(1,1)=-3.5343706193e-001; w1(1,1)=6.5313969587e-003; w1(1,2)=-1.0788523320e-001; w1(1,3)=-2.0713262887e-001; w1(1,4)=-5.4770969588e-001; w1(1,5)=-6.0460243827e-001; 
w10(2,1)=-3.9620568768e-001; w1(2,1)=4.7225115706e-001; w1(2,2)=9.5631075640e-001; w1(2,3)=-5.6490934778e-001; w1(2,4)=-6.1685604675e-001; w1(2,5)=2.0460711775e-001; 
w10(3,1)=-3.1176754572e-002; w1(3,1)=-1.0450370598e-001; w1(3,2)=9.5772939072e-001; w1(3,3)=1.8581508428e+000; w1(3,4)=-7.7684405451e-001; w1(3,5)=2.6594405650e-001; 
w10(4,1)=1.2377072345e-002; w1(4,1)=1.2521197611e-001; w1(4,2)=3.9760563538e-001; w1(4,3)=3.7137307141e-001; w1(4,4)=2.6429832129e-001; w1(4,5)=-5.8738216397e-002; 
w20=-2.5769662028e-001; w2(1)=-9.7127744707e-001; w2(2)=1.5604089593e-001; w2(3)=1.6060194355e-001; w2(4)=-6.3393992365e-001; 

