
%liczba neuronów ukrytych: 4, liczba wejœæ sieci: 4
%wejœcie 1: u(k-5)
%wejœcie 2: u(k-6)
%wejœcie 3: y(k-1)
%wejœcie 4: y(k-2)
%uczenie w trybie OE
w10(1,1)=-5.0726979910e-001; w1(1,1)=1.5745618958e-002; w1(1,2)=-2.8292048351e-001; w1(1,3)=-1.0033080965e+000; w1(1,4)=-7.4051984303e-001; 
w10(2,1)=-5.9557623249e-002; w1(2,1)=7.9074820631e-001; w1(2,2)=1.8262990862e+000; w1(2,3)=-1.4460036557e+000; w1(2,4)=-1.0652243446e-001; 
w10(3,1)=4.2211739646e-001; w1(3,1)=3.1588193501e-001; w1(3,2)=1.6824388684e+000; w1(3,3)=-1.2470016929e+000; w1(3,4)=3.2127112168e-001; 
w10(4,1)=-1.0079821111e-001; w1(4,1)=6.6780903874e-001; w1(4,2)=6.7088579320e-001; w1(4,3)=5.4325823198e-001; w1(4,4)=-1.2677362661e+000; 
w20=-2.3683698773e-001; w2(1)=-5.6481934155e-001; w2(2)=2.1718848435e-001; w2(3)=-8.8796993362e-002; w2(4)=-2.1483280452e-001; 

