
%liczba neuronów ukrytych: 1, liczba wejœæ sieci: 4
%wejœcie 1: u(k-5)
%wejœcie 2: u(k-6)
%wejœcie 3: y(k-1)
%wejœcie 4: y(k-2)
%uczenie w trybie OE
w10(1,1)=-2.8741995201e-001; w1(1,1)=1.0233874800e-001; w1(1,2)=-2.1851962620e-001; w1(1,3)=-9.6957481384e-001; w1(1,4)=-3.1648298468e-001; 
w20=-2.0608587133e-001; w2(1)=-7.4377306454e-001; 

