
%liczba neuronów ukrytych: 6, liczba wejœæ sieci: 5
%wejœcie 1: u(k-5)
%wejœcie 2: u(k-6)
%wejœcie 3: u(k-7)
%wejœcie 4: y(k-1)
%wejœcie 5: y(k-2)
%uczenie w trybie OE
w10(1,1)=-2.0293099435e-001; w1(1,1)=-3.5478618075e-002; w1(1,2)=7.9966767142e-002; w1(1,3)=-5.6350253971e-001; w1(1,4)=9.0842712209e-003; w1(1,5)=8.2310265301e-001; 
w10(2,1)=-2.4375546501e-001; w1(2,1)=9.1561025812e-002; w1(2,2)=1.4216463756e-003; w1(2,3)=-6.3779270711e-001; w1(2,4)=8.8460807973e-003; w1(2,5)=-1.0392894339e+000; 
w10(3,1)=1.7584137648e-002; w1(3,1)=5.7029895411e-001; w1(3,2)=-2.1665115425e-001; w1(3,3)=-1.1306878239e+000; w1(3,4)=-3.9208993062e-001; w1(3,5)=-8.0037318931e-001; 
w10(4,1)=-3.5186095204e-001; w1(4,1)=4.7662933374e-001; w1(4,2)=2.3448375051e-001; w1(4,3)=-5.0215530678e-002; w1(4,4)=-1.2113995419e-002; w1(4,5)=2.4884472801e-001; 
w10(5,1)=-1.1868906077e-001; w1(5,1)=1.4314993520e-001; w1(5,2)=1.4316120189e-001; w1(5,3)=-1.1431592784e+000; w1(5,4)=-2.6708811931e-001; w1(5,5)=2.5637967341e-001; 
w10(6,1)=2.7426425266e-001; w1(6,1)=-8.5596891645e-001; w1(6,2)=-6.6026706639e-001; w1(6,3)=-6.5733334644e-002; w1(6,4)=9.8816116775e-002; w1(6,5)=7.2621494582e-001; 
w20=-1.3039232341e-001; w2(1)=5.4453904226e-001; w2(2)=-7.0529719310e-001; w2(3)=5.0296984993e-002; w2(4)=-3.6530372256e-001; w2(5)=-1.8761680882e-002; w2(6)=-2.1210427345e-001; 

