
%liczba neuronów ukrytych: 5, liczba wejœæ sieci: 5
%wejœcie 1: u(k-5)
%wejœcie 2: u(k-6)
%wejœcie 3: u(k-7)
%wejœcie 4: y(k-1)
%wejœcie 5: y(k-2)
%uczenie w trybie OE
w10(1,1)=2.4741413640e-001; w1(1,1)=2.6718241311e-001; w1(1,2)=4.6303381097e-001; w1(1,3)=5.7223002828e-001; w1(1,4)=-6.3753803823e-001; w1(1,5)=-3.7450278627e-001; 
w10(2,1)=3.2363138847e-001; w1(2,1)=-1.1168435966e-001; w1(2,2)=1.1386254236e-001; w1(2,3)=2.1879277412e-001; w1(2,4)=1.5931869557e-002; w1(2,5)=1.4231343519e+000; 
w10(3,1)=1.6865139553e-001; w1(3,1)=-7.1476609121e-001; w1(3,2)=-8.1222890557e-001; w1(3,3)=-5.1882741148e-001; w1(3,4)=4.2532586628e-001; w1(3,5)=3.0223260304e-001; 
w10(4,1)=2.8078030464e-002; w1(4,1)=3.5685199055e-001; w1(4,2)=6.2352702892e-001; w1(4,3)=1.3070524938e+000; w1(4,4)=5.9052084334e-001; w1(4,5)=8.9549531656e-001; 
w10(5,1)=-3.7921803363e-001; w1(5,1)=4.7373599086e-001; w1(5,2)=3.4759050504e-001; w1(5,3)=1.5260922927e-001; w1(5,4)=4.9220070601e-001; w1(5,5)=2.3041619972e-001; 
w20=-2.4072698244e-001; w2(1)=-1.2976317038e-001; w2(2)=6.7248240532e-001; w2(3)=-1.9706192996e-001; w2(4)=3.9495416524e-002; w2(5)=-2.6333308530e-001; 

