
%liczba neuronów ukrytych: 2, liczba wejœæ sieci: 5
%wejœcie 1: u(k-5)
%wejœcie 2: u(k-6)
%wejœcie 3: u(k-7)
%wejœcie 4: y(k-1)
%wejœcie 5: y(k-2)
%uczenie w trybie OE
w10(1,1)=4.7041321012e-001; w1(1,1)=4.5244951666e-002; w1(1,2)=6.1810720198e-002; w1(1,3)=-9.2785212059e-002; w1(1,4)=1.2685479439e+000; w1(1,5)=4.7792695376e-001; 
w10(2,1)=-1.7794332161e-001; w1(2,1)=-6.2918739899e-001; w1(2,2)=-9.5289887071e-003; w1(2,3)=6.0331304622e+000; w1(2,4)=-2.0746757206e+000; w1(2,5)=-5.5996776890e-001; 
w20=-2.4400416189e-001; w2(1)=5.7442257025e-001; w2(2)=4.8959037152e-002; 

