
%liczba neuronów ukrytych: 8, liczba wejœæ sieci: 5
%wejœcie 1: u(k-5)
%wejœcie 2: u(k-6)
%wejœcie 3: u(k-7)
%wejœcie 4: y(k-1)
%wejœcie 5: y(k-2)
%uczenie w trybie OE
w10(1,1)=-4.5893743818e-002; w1(1,1)=-7.1454232499e-004; w1(1,2)=1.3597076163e-002; w1(1,3)=4.0315626624e-001; w1(1,4)=-9.5150050343e-002; w1(1,5)=1.3395739533e-001; 
w10(2,1)=-8.8418326187e-001; w1(2,1)=1.6076066156e-001; w1(2,2)=-5.0842313433e-001; w1(2,3)=-1.5470752173e+000; w1(2,4)=2.7954890839e-001; w1(2,5)=-2.8446696888e-001; 
w10(3,1)=7.5450125676e-002; w1(3,1)=-2.2255994829e-001; w1(3,2)=-3.4335175687e-001; w1(3,3)=-6.4914063559e-001; w1(3,4)=2.8571549193e-002; w1(3,5)=5.3571411092e-002; 
w10(4,1)=8.5094865594e-001; w1(4,1)=5.8778770852e-001; w1(4,2)=4.1978776710e-001; w1(4,3)=-3.5125532034e-001; w1(4,4)=-2.1657586759e-001; w1(4,5)=-1.2694324327e+000; 
w10(5,1)=-4.4419728233e-001; w1(5,1)=4.3365636460e-001; w1(5,2)=-9.1438341039e-002; w1(5,3)=-3.0200609586e-001; w1(5,4)=6.7348226479e-004; w1(5,5)=-8.6000093713e-001; 
w10(6,1)=-5.1419857869e-001; w1(6,1)=-7.8105098447e-001; w1(6,2)=-3.5696667008e-001; w1(6,3)=4.5327500084e-001; w1(6,4)=7.5286336043e-002; w1(6,5)=4.3014925647e-002; 
w10(7,1)=-2.9882115277e-002; w1(7,1)=-2.8259216038e-001; w1(7,2)=1.4961400420e-001; w1(7,3)=5.7319899776e-001; w1(7,4)=-9.3372260531e-002; w1(7,5)=1.8109547679e-002; 
w10(8,1)=-5.9942272042e-001; w1(8,1)=3.1515412733e-002; w1(8,2)=-2.6361861283e-001; w1(8,3)=-1.1737066266e+000; w1(8,4)=-6.5293652362e-002; w1(8,5)=-8.1598156924e-001; 
w20=-2.0458283939e-001; w2(1)=-1.9952923365e-001; w2(2)=1.1037587221e-001; w2(3)=-1.7208046186e-001; w2(4)=-3.4642277114e-001; w2(5)=-6.5113959163e-001; w2(6)=-2.8732712228e-001; w2(7)=-1.9494670383e-001; w2(8)=-2.0958440246e-001; 

