
%liczba neuronów ukrytych: 9, liczba wejœæ sieci: 5
%wejœcie 1: u(k-5)
%wejœcie 2: u(k-6)
%wejœcie 3: u(k-7)
%wejœcie 4: y(k-1)
%wejœcie 5: y(k-2)
%uczenie w trybie OE
w10(1,1)=5.8243515600e-001; w1(1,1)=2.7648030846e-001; w1(1,2)=2.1340112828e-001; w1(1,3)=-4.8215082357e-002; w1(1,4)=-8.6693505277e-002; w1(1,5)=-5.2307935896e-001; 
w10(2,1)=-3.1469938228e-001; w1(2,1)=1.1525411618e-001; w1(2,2)=-5.7324827402e-002; w1(2,3)=1.3318585223e-001; w1(2,4)=5.3891079271e-002; w1(2,5)=-3.5716903551e-002; 
w10(3,1)=-2.9621045721e-001; w1(3,1)=1.0164328393e-001; w1(3,2)=-3.6954157544e-002; w1(3,3)=-4.0586053606e-001; w1(3,4)=-3.5116126362e-001; w1(3,5)=-6.6100403915e-001; 
w10(4,1)=8.9941665902e-001; w1(4,1)=-9.0470733036e-001; w1(4,2)=-2.2289236672e-002; w1(4,3)=1.2663577316e+000; w1(4,4)=3.7320360830e-001; w1(4,5)=1.3131114750e+000; 
w10(5,1)=1.6498999759e-001; w1(5,1)=1.0350843571e-001; w1(5,2)=-4.4634138588e-003; w1(5,3)=2.2965203383e-002; w1(5,4)=7.1627890010e-002; w1(5,5)=7.0190779101e-002; 
w10(6,1)=3.5382281865e-001; w1(6,1)=2.9025711828e-002; w1(6,2)=5.4194962310e-001; w1(6,3)=1.4309538988e+000; w1(6,4)=1.6804734025e-001; w1(6,5)=4.9400596899e-001; 
w10(7,1)=-4.9729954978e-002; w1(7,1)=-7.6489347627e-001; w1(7,2)=-1.6486082442e-001; w1(7,3)=1.2208709644e+000; w1(7,4)=3.5636214315e-001; w1(7,5)=1.4453039702e+000; 
w10(8,1)=-3.3932246900e-001; w1(8,1)=-6.6297426589e-001; w1(8,2)=-2.7428373467e-001; w1(8,3)=4.4850911903e-001; w1(8,4)=2.3578105693e-001; w1(8,5)=-1.9311037906e-001; 
w10(9,1)=-1.7389233179e-001; w1(9,1)=-7.4427853197e-001; w1(9,2)=-9.0640926725e-001; w1(9,3)=-9.9620718524e-001; w1(9,4)=8.4088397923e-002; w1(9,5)=8.2395611226e-002; 
w20=-1.6789874925e-002; w2(1)=-7.5035950763e-001; w2(2)=-3.7233539708e-001; w2(3)=-5.1343238280e-001; w2(4)=2.2326022976e-002; w2(5)=2.5746326030e-001; w2(6)=-8.7430009937e-003; w2(7)=-4.5232872187e-003; w2(8)=-2.4455002612e-001; w2(9)=-8.0252821681e-002; 

