
%liczba neuronów ukrytych: 5, liczba wejœæ sieci: 5
%wejœcie 1: u(k-5)
%wejœcie 2: u(k-6)
%wejœcie 3: u(k-7)
%wejœcie 4: y(k-1)
%wejœcie 5: y(k-2)
%uczenie w trybie OE
w10(1,1)=3.8365657329e-001; w1(1,1)=1.8532625160e-001; w1(1,2)=1.1118191598e-001; w1(1,3)=4.7618304746e-001; w1(1,4)=-3.5545414815e-001; w1(1,5)=-4.9748336977e-001; 
w10(2,1)=-2.6023866558e-002; w1(2,1)=-6.9549780108e-002; w1(2,2)=-3.6769521507e-002; w1(2,3)=1.3496469353e-001; w1(2,4)=2.1219434291e-001; w1(2,5)=4.3111299231e-001; 
w10(3,1)=-1.4741866164e+000; w1(3,1)=-1.2168332587e+000; w1(3,2)=-1.2100430835e+000; w1(3,3)=-1.5861399775e+000; w1(3,4)=5.6678750758e-001; w1(3,5)=4.1847140349e-001; 
w10(4,1)=5.6028913713e-001; w1(4,1)=1.1881164597e-001; w1(4,2)=2.7222394413e-001; w1(4,3)=6.3219154695e-001; w1(4,4)=4.6694144512e-001; w1(4,5)=5.9009422675e-001; 
w10(5,1)=1.8497882446e-001; w1(5,1)=5.0403073493e-001; w1(5,2)=3.4744156855e-001; w1(5,3)=5.3059081413e-001; w1(5,4)=2.1552835821e-001; w1(5,5)=-9.5720797394e-001; 
w20=6.2796117541e-002; w2(1)=-4.6787512162e-001; w2(2)=7.5769197234e-001; w2(3)=2.3183574253e-002; w2(4)=2.1757801821e-001; w2(5)=2.1095399778e-001; 

