
%liczba neuronów ukrytych: 7, liczba wejœæ sieci: 5
%wejœcie 1: u(k-5)
%wejœcie 2: u(k-6)
%wejœcie 3: u(k-7)
%wejœcie 4: y(k-1)
%wejœcie 5: y(k-2)
%uczenie w trybie OE
w10(1,1)=-8.0280048317e-001; w1(1,1)=4.2395296649e-001; w1(1,2)=-1.6346863892e-001; w1(1,3)=-9.1550307243e-001; w1(1,4)=-3.0624451569e-001; w1(1,5)=-1.0195912060e+000; 
w10(2,1)=5.3863000399e-001; w1(2,1)=-9.9759429634e-001; w1(2,2)=-2.7971911608e-001; w1(2,3)=1.0886563077e+000; w1(2,4)=7.8052089034e-001; w1(2,5)=1.4496851633e+000; 
w10(3,1)=2.7954759900e-001; w1(3,1)=-7.8093348293e-002; w1(3,2)=-5.7716898085e-002; w1(3,3)=7.5475987078e-001; w1(3,4)=9.3397599762e-002; w1(3,5)=-6.6880391922e-001; 
w10(4,1)=4.2495109736e-001; w1(4,1)=-8.5189021100e-001; w1(4,2)=-7.3736647930e-001; w1(4,3)=-2.0799411639e-001; w1(4,4)=2.6914423415e-001; w1(4,5)=8.7840508690e-001; 
w10(5,1)=-2.5996786392e-001; w1(5,1)=4.4074673343e-001; w1(5,2)=1.8231202871e-001; w1(5,3)=-5.4248350670e-001; w1(5,4)=-3.6072344283e-001; w1(5,5)=-1.1149466830e+000; 
w10(6,1)=-4.9430612078e-001; w1(6,1)=-1.0353480204e-001; w1(6,2)=-1.9105835941e-002; w1(6,3)=3.5132832341e-001; w1(6,4)=2.3842733359e-001; w1(6,5)=-2.5670668526e-001; 
w10(7,1)=-2.8114402048e-001; w1(7,1)=-2.5875558123e-001; w1(7,2)=-6.3531023513e-001; w1(7,3)=-1.2988357298e+000; w1(7,4)=-2.4350500985e-001; w1(7,5)=-8.1357752412e-001; 
w20=-2.8053089589e-001; w2(1)=-2.5559308239e-001; w2(2)=-3.2463575194e-001; w2(3)=-2.3261453783e-001; w2(4)=-9.1630969155e-002; w2(5)=-7.9032154014e-001; w2(6)=-3.2747006045e-001; w2(7)=-7.1409403618e-002; 

