
%liczba neuronów ukrytych: 1, liczba wejœæ sieci: 5
%wejœcie 1: u(k-5)
%wejœcie 2: u(k-6)
%wejœcie 3: u(k-7)
%wejœcie 4: y(k-1)
%wejœcie 5: y(k-2)
%uczenie w trybie OE
w10(1,1)=-3.5050437513e-001; w1(1,1)=8.9380961901e-002; w1(1,2)=-3.3484023708e-002; w1(1,3)=-2.9313534483e-001; w1(1,4)=-7.5193669239e-002; w1(1,5)=-1.4554252368e+000; 
w20=-2.0055838068e-001; w2(1)=-6.0457839800e-001; 

