
%liczba neuronów ukrytych: 2, liczba wejœæ sieci: 5
%wejœcie 1: u(k-5)
%wejœcie 2: u(k-6)
%wejœcie 3: u(k-7)
%wejœcie 4: y(k-1)
%wejœcie 5: y(k-2)
%uczenie w trybie OE
w10(1,1)=-2.8518581298e-001; w1(1,1)=1.0523953423e-002; w1(1,2)=-6.9819974363e-002; w1(1,3)=-5.0329687850e-001; w1(1,4)=-2.0792988088e-001; w1(1,5)=-6.3057092882e-001; 
w10(2,1)=5.7358510919e-001; w1(2,1)=8.7361752565e-002; w1(2,2)=2.0996354002e-002; w1(2,3)=6.0646980049e-001; w1(2,4)=-8.3983331863e-001; w1(2,5)=-1.1676528918e-001; 
w20=6.7035303069e-002; w2(1)=-6.9819530525e-001; w2(2)=-5.0409785397e-001; 

