
%liczba neuronów ukrytych: 9, liczba wejœæ sieci: 5
%wejœcie 1: u(k-5)
%wejœcie 2: u(k-6)
%wejœcie 3: u(k-7)
%wejœcie 4: y(k-1)
%wejœcie 5: y(k-2)
%uczenie w trybie OE
w10(1,1)=-1.2931180953e-001; w1(1,1)=1.0192388356e-001; w1(1,2)=-5.4471158721e-002; w1(1,3)=-2.0685959660e-001; w1(1,4)=2.0280095096e-001; w1(1,5)=-1.2192085879e+000; 
w10(2,1)=-1.5164152175e-001; w1(2,1)=-6.7397560395e-001; w1(2,2)=-8.7972423694e-001; w1(2,3)=-1.2355588975e+000; w1(2,4)=-3.8847542505e-001; w1(2,5)=-5.1197329632e-001; 
w10(3,1)=-2.2870411034e-001; w1(3,1)=-2.5899789195e-001; w1(3,2)=-2.7249033853e-001; w1(3,3)=6.5166715610e-002; w1(3,4)=4.8398037224e-002; w1(3,5)=7.6218517757e-001; 
w10(4,1)=-6.5008023853e-002; w1(4,1)=5.7651616090e-001; w1(4,2)=5.3823183915e-001; w1(4,3)=2.7874308213e-001; w1(4,4)=8.2464794003e-002; w1(4,5)=-6.5223292645e-001; 
w10(5,1)=-3.7145545730e-003; w1(5,1)=2.8844367499e-001; w1(5,2)=8.0755578788e-002; w1(5,3)=2.1223942515e-001; w1(5,4)=1.1313625645e-001; w1(5,5)=-5.8575884504e-001; 
w10(6,1)=4.9532444848e-001; w1(6,1)=9.2618248290e-002; w1(6,2)=2.4823894881e-001; w1(6,3)=4.3608817537e-001; w1(6,4)=-9.0732791536e-002; w1(6,5)=1.3597970709e+000; 
w10(7,1)=-2.6363265818e-001; w1(7,1)=-1.2151929904e-001; w1(7,2)=-1.8091825978e-001; w1(7,3)=-5.0224186470e-001; w1(7,4)=2.6379163961e-001; w1(7,5)=5.8490710284e-001; 
w10(8,1)=9.4891868017e-002; w1(8,1)=4.3566798546e-001; w1(8,2)=3.4523104734e-001; w1(8,3)=3.8227396030e-001; w1(8,4)=2.5653005983e-001; w1(8,5)=4.4440999247e-001; 
w10(9,1)=1.7534984654e-001; w1(9,1)=1.4795951463e-001; w1(9,2)=1.0228023828e-001; w1(9,3)=-9.9498703021e-002; w1(9,4)=-4.7696682824e-002; w1(9,5)=-5.7906048915e-001; 
w20=-4.5623851393e-002; w2(1)=-3.2180313754e-001; w2(2)=-5.8819614188e-002; w2(3)=1.6426933131e-001; w2(4)=2.7197833647e-001; w2(5)=-1.1860430520e-001; w2(6)=3.1841287641e-001; w2(7)=1.8576291760e-001; w2(8)=-2.3663653154e-001; w2(9)=-1.4196478469e-001; 

