
%liczba neuronów ukrytych: 3, liczba wejœæ sieci: 5
%wejœcie 1: u(k-5)
%wejœcie 2: u(k-6)
%wejœcie 3: u(k-7)
%wejœcie 4: y(k-1)
%wejœcie 5: y(k-2)
%uczenie w trybie OE
w10(1,1)=-3.7209884305e-001; w1(1,1)=1.2644961622e+000; w1(1,2)=1.8621383248e+000; w1(1,3)=1.3713536919e+000; w1(1,4)=-1.4441350399e+000; w1(1,5)=-1.7899417708e+000; 
w10(2,1)=-6.5635960778e-002; w1(2,1)=3.7503732045e-001; w1(2,2)=2.4715114859e+000; w1(2,3)=1.1983885712e+000; w1(2,4)=-7.9708632160e-001; w1(2,5)=-2.6920723127e-001; 
w10(3,1)=-3.6831309560e-001; w1(3,1)=2.8431512769e-003; w1(3,2)=4.8718375160e-003; w1(3,3)=-5.3883962863e-003; w1(3,4)=-1.6388881369e+000; w1(3,5)=2.0365864567e-001; 
w20=-2.4062403892e-001; w2(1)=1.4095613120e-002; w2(2)=2.3629899591e-002; w2(3)=-7.0252419607e-001; 

