
%liczba neuronów ukrytych: 2, liczba wejœæ sieci: 5
%wejœcie 1: u(k-5)
%wejœcie 2: u(k-6)
%wejœcie 3: u(k-7)
%wejœcie 4: y(k-1)
%wejœcie 5: y(k-2)
%uczenie w trybie OE
w10(1,1)=2.6464629537e-001; w1(1,1)=1.5170756965e-002; w1(1,2)=-5.8132277751e-002; w1(1,3)=7.2037799391e-001; w1(1,4)=-1.3193861614e-001; w1(1,5)=7.9515196844e-001; 
w10(2,1)=-5.6593890190e-001; w1(2,1)=-9.4970607377e-002; w1(2,2)=1.3066394738e-001; w1(2,3)=-6.1363632124e-001; w1(2,4)=6.2655257263e-001; w1(2,5)=1.6447156989e-001; 
w20=2.1473728692e-001; w2(1)=7.0351942985e-001; w2(2)=7.7540029177e-001; 

