
%liczba neuronów ukrytych: 10, liczba wejœæ sieci: 4
%wejœcie 1: u(k-5)
%wejœcie 2: u(k-6)
%wejœcie 3: y(k-1)
%wejœcie 4: y(k-2)
%uczenie w trybie OE
w10(1,1)=-4.7759756908e-002; w1(1,1)=-2.9513979756e-003; w1(1,2)=5.8531543890e-001; w1(1,3)=-2.8850084269e-001; w1(1,4)=-9.8070897688e-002; 
w10(2,1)=3.2544821803e-001; w1(2,1)=-3.9746745716e-001; w1(2,2)=6.2108637303e-001; w1(2,3)=-1.0311578772e-001; w1(2,4)=7.2896979824e-001; 
w10(3,1)=9.3400743128e-003; w1(3,1)=-8.2237620914e-002; w1(3,2)=4.0823286546e-001; w1(3,3)=2.7323219055e-002; w1(3,4)=-5.5930410286e-002; 
w10(4,1)=2.6258257643e-001; w1(4,1)=4.1215109809e-001; w1(4,2)=5.5832551081e-002; w1(4,3)=-1.3856834126e-001; w1(4,4)=-4.9441221171e-001; 
w10(5,1)=-2.8810358347e-001; w1(5,1)=2.2695314120e-001; w1(5,2)=-5.5938699602e-001; w1(5,3)=-2.5265819441e-001; w1(5,4)=-6.4072872190e-001; 
w10(6,1)=2.7828277588e-001; w1(6,1)=6.6625660170e-003; w1(6,2)=-8.4797401632e-001; w1(6,3)=4.5998322546e-001; w1(6,4)=-2.7987161131e-001; 
w10(7,1)=-1.8113026607e-002; w1(7,1)=-1.0139359544e-001; w1(7,2)=2.7667350659e-002; w1(7,3)=3.0174607003e-001; w1(7,4)=2.5179836306e-001; 
w10(8,1)=2.0842443914e-001; w1(8,1)=-1.5217593004e-001; w1(8,2)=3.8950961657e-001; w1(8,3)=3.8546359294e-001; w1(8,4)=4.7035338463e-001; 
w10(9,1)=3.6761414910e-001; w1(9,1)=-8.5121225007e-001; w1(9,2)=-6.1650372039e-001; w1(9,3)=3.1489586226e-001; w1(9,4)=8.5849559155e-001; 
w10(10,1)=-3.5420757647e-001; w1(10,1)=4.4375122500e-002; w1(10,2)=-1.1749732043e+000; w1(10,3)=-2.1400283522e-001; w1(10,4)=-8.2666613169e-001; 
w20=-1.5187702452e-001; w2(1)=-2.8193083418e-001; w2(2)=4.4436617647e-002; w2(3)=4.0811308820e-003; w2(4)=-1.9500400015e-001; w2(5)=-2.6654134680e-001; w2(6)=2.5807201915e-001; w2(7)=3.3248506546e-001; w2(8)=3.3766906575e-001; w2(9)=-2.2699546506e-001; w2(10)=-1.3755482162e-001; 

