
%liczba neuronów ukrytych: 3, liczba wejœæ sieci: 5
%wejœcie 1: u(k-5)
%wejœcie 2: u(k-6)
%wejœcie 3: u(k-7)
%wejœcie 4: y(k-1)
%wejœcie 5: y(k-2)
%uczenie w trybie OE
w10(1,1)=-2.4994523071e-001; w1(1,1)=-1.5645431959e-001; w1(1,2)=-4.1897252127e-001; w1(1,3)=-6.8847780314e-001; w1(1,4)=-2.8071771357e-001; w1(1,5)=1.4874357486e-001; 
w10(2,1)=-2.5286545955e-001; w1(2,1)=5.2413743840e-002; w1(2,2)=-5.0689128275e-002; w1(2,3)=-1.3341955396e-001; w1(2,4)=-7.3792219758e-001; w1(2,5)=-3.7207678234e-001; 
w10(3,1)=4.7735541313e-001; w1(3,1)=6.1764773978e-002; w1(3,2)=3.2840949400e-001; w1(3,3)=2.7143762130e-001; w1(3,4)=-3.6716643313e-001; w1(3,5)=-5.5826742185e-001; 
w20=-5.1258568630e-003; w2(1)=-2.2277052277e-001; w2(2)=-5.3489216282e-001; w2(3)=-4.0906627522e-001; 

