
%liczba neuronów ukrytych: 4, liczba wejœæ sieci: 4
%wejœcie 1: u(k-5)
%wejœcie 2: u(k-6)
%wejœcie 3: y(k-1)
%wejœcie 4: y(k-2)
%uczenie w trybie OE
w10(1,1)=-4.5747519255e-003; w1(1,1)=2.1949542075e-001; w1(1,2)=1.7216540961e-001; w1(1,3)=-3.6055636279e-002; w1(1,4)=-7.1865183128e-002; 
w10(2,1)=1.3661778297e-001; w1(2,1)=2.6765508871e-001; w1(2,2)=3.9623101506e-001; w1(2,3)=1.1908216718e-001; w1(2,4)=2.7094206569e-001; 
w10(3,1)=-6.3322463188e-002; w1(3,1)=-1.2807154180e-001; w1(3,2)=-1.5654755153e-001; w1(3,3)=-7.0199558716e-002; w1(3,4)=-1.0606354994e-001; 
w10(4,1)=-7.2792858462e-002; w1(4,1)=5.8064441503e-002; w1(4,2)=-1.0632345434e-001; w1(4,3)=-7.9968460555e-003; w1(4,4)=-9.0167697246e-002; 
w20=-1.7346800126e-001; w2(1)=-7.8154039967e-002; w2(2)=5.2308971556e-001; w2(3)=-2.8698078238e-001; w2(4)=-2.4200036625e-001; 

