
%liczba neuronów ukrytych: 6, liczba wejœæ sieci: 4
%wejœcie 1: u(k-5)
%wejœcie 2: u(k-6)
%wejœcie 3: y(k-1)
%wejœcie 4: y(k-2)
%uczenie w trybie OE
w10(1,1)=-3.9199625661e-001; w1(1,1)=5.5787026196e-001; w1(1,2)=-1.0307579958e+000; w1(1,3)=-3.4075660230e-001; w1(1,4)=-5.9558136722e-001; 
w10(2,1)=-1.6322709456e-001; w1(2,1)=5.4193374639e-001; w1(2,2)=-1.4290109544e+000; w1(2,3)=7.6535136045e-001; w1(2,4)=-7.1213308992e-001; 
w10(3,1)=1.4340036136e-001; w1(3,1)=3.0222771815e-001; w1(3,2)=-2.2379282728e-001; w1(3,3)=-1.0462751936e-001; w1(3,4)=-9.1374887521e-001; 
w10(4,1)=1.5703459637e-001; w1(4,1)=-2.8016718380e-001; w1(4,2)=2.1358684553e-002; w1(4,3)=-4.2170448049e-001; w1(4,4)=-5.9347623258e-002; 
w10(5,1)=-1.8334265496e-002; w1(5,1)=-2.6606919404e-001; w1(5,2)=-1.4300336106e+000; w1(5,3)=8.1535956971e-001; w1(5,4)=-1.6679576698e-001; 
w10(6,1)=8.3039902581e-002; w1(6,1)=1.8526293458e+000; w1(6,2)=-1.1081537496e+000; w1(6,3)=3.2029268334e-001; w1(6,4)=-2.2430608724e+000; 
w20=-1.3447122268e-001; w2(1)=-7.3156754670e-001; w2(2)=5.8849976799e-001; w2(3)=-2.6073379865e-001; w2(4)=-3.4121896807e-002; w2(5)=-2.3476636991e-001; w2(6)=-5.5376687918e-002; 

