
%liczba neuronów ukrytych: 4, liczba wejœæ sieci: 4
%wejœcie 1: u(k-5)
%wejœcie 2: u(k-6)
%wejœcie 3: y(k-1)
%wejœcie 4: y(k-2)
%uczenie w trybie OE
w10(1,1)=-7.1986271721e-002; w1(1,1)=-2.1096575960e-002; w1(1,2)=1.0381849521e-001; w1(1,3)=2.3647622797e-002; w1(1,4)=-2.8494164301e-003; 
w10(2,1)=4.2687902447e-004; w1(2,1)=-1.8914881972e-001; w1(2,2)=-1.9975208337e-001; w1(2,3)=1.4475145837e-001; w1(2,4)=1.5901123129e-001; 
w10(3,1)=-1.5083492526e-001; w1(3,1)=-1.0804316016e-001; w1(3,2)=-3.2905657789e-001; w1(3,3)=-2.2900930991e-001; w1(3,4)=-4.0499619428e-001; 
w10(4,1)=2.4600524647e-002; w1(4,1)=-1.3297047081e-001; w1(4,2)=-3.5569269917e-001; w1(4,3)=-1.5550324279e-001; w1(4,4)=-1.4374544956e-001; 
w20=-1.1889601002e-001; w2(1)=-1.0308605056e-002; w2(2)=3.6888595248e-001; w2(3)=-6.4670039719e-001; w2(4)=-2.7122848909e-001; 

