
%liczba neuronów ukrytych: 7, liczba wejœæ sieci: 4
%wejœcie 1: u(k-5)
%wejœcie 2: u(k-6)
%wejœcie 3: y(k-1)
%wejœcie 4: y(k-2)
%uczenie w trybie OE
w10(1,1)=-1.4554019352e-001; w1(1,1)=-1.1553187496e+000; w1(1,2)=-6.6755711941e-001; w1(1,3)=-5.0099816596e-001; w1(1,4)=-2.1648711221e-001; 
w10(2,1)=-4.7406867704e-001; w1(2,1)=-4.0561688315e-001; w1(2,2)=-2.2870404144e-001; w1(2,3)=-7.7401146919e-001; w1(2,4)=-4.0684513579e-001; 
w10(3,1)=4.3722317384e-001; w1(3,1)=4.5594950951e-001; w1(3,2)=-8.8529465513e-001; w1(3,3)=-1.1373128535e-001; w1(3,4)=-1.1455502047e+000; 
w10(4,1)=2.0176980027e-001; w1(4,1)=1.1698900961e-003; w1(4,2)=1.1315753963e+000; w1(4,3)=-3.1146473694e-001; w1(4,4)=4.5687393974e-001; 
w10(5,1)=-1.0838474365e-001; w1(5,1)=-1.0387007504e+000; w1(5,2)=-1.4071364042e+000; w1(5,3)=4.6479330057e-002; w1(5,4)=-3.3009966522e-002; 
w10(6,1)=2.2526750273e-001; w1(6,1)=-3.6569523883e-002; w1(6,2)=7.0473191829e-001; w1(6,3)=4.8410946400e-003; w1(6,4)=6.8017405356e-001; 
w10(7,1)=-3.3153126623e-001; w1(7,1)=7.6072328137e-001; w1(7,2)=-9.1751977920e-001; w1(7,3)=1.6260966523e-001; w1(7,4)=-1.3165856282e+000; 
w20=-2.2701376961e-001; w2(1)=2.9938307071e-001; w2(2)=-4.8399955927e-001; w2(3)=-8.6843353141e-002; w2(4)=-4.0515450086e-001; w2(5)=-3.7449184506e-001; w2(6)=-3.9111917967e-002; w2(7)=-4.5019898169e-001; 

