
%liczba neuronów ukrytych: 4, liczba wejœæ sieci: 4
%wejœcie 1: u(k-5)
%wejœcie 2: u(k-6)
%wejœcie 3: y(k-1)
%wejœcie 4: y(k-2)
%uczenie w trybie OE
w10(1,1)=-3.0603344152e-001; w1(1,1)=-2.2327286381e-002; w1(1,2)=-2.7104393496e-001; w1(1,3)=-8.0861809171e-001; w1(1,4)=-1.9207151558e-001; 
w10(2,1)=2.8312463048e-001; w1(2,1)=-1.2442700887e-001; w1(2,2)=-2.9322690109e-001; w1(2,3)=8.7853316290e-001; w1(2,4)=-1.0266397342e-001; 
w10(3,1)=3.0275131225e-002; w1(3,1)=-4.2737332739e-001; w1(3,2)=3.2079770598e+000; w1(3,3)=-1.4216262138e+000; w1(3,4)=2.5010399081e-001; 
w10(4,1)=-5.0644913596e-001; w1(4,1)=-2.7001412073e-001; w1(4,2)=-4.9943974615e-001; w1(4,3)=5.0319181036e-001; w1(4,4)=6.8157219742e-001; 
w20=-1.6722315858e-001; w2(1)=-6.6436512247e-001; w2(2)=1.9879771579e-001; w2(3)=4.8987746270e-002; w2(4)=1.8452346328e-001; 

