
%liczba neuronów ukrytych: 9, liczba wejœæ sieci: 5
%wejœcie 1: u(k-5)
%wejœcie 2: u(k-6)
%wejœcie 3: u(k-7)
%wejœcie 4: y(k-1)
%wejœcie 5: y(k-2)
%uczenie w trybie OE
w10(1,1)=1.4648042677e-001; w1(1,1)=-3.5934117446e-001; w1(1,2)=-3.8696583426e-001; w1(1,3)=-9.3454027357e-001; w1(1,4)=4.2526152975e-001; w1(1,5)=2.6487119917e-001; 
w10(2,1)=-7.7341516002e-002; w1(2,1)=-1.8656596116e-001; w1(2,2)=7.5334460015e-002; w1(2,3)=6.2258428167e-001; w1(2,4)=1.2046330139e-002; w1(2,5)=3.8908622049e-003; 
w10(3,1)=-3.6239686632e-001; w1(3,1)=1.5719933248e-001; w1(3,2)=-1.5957406012e-001; w1(3,3)=-2.2439844483e-001; w1(3,4)=-1.6242577766e-001; w1(3,5)=-7.7356328661e-001; 
w10(4,1)=-2.0131123342e-002; w1(4,1)=8.5978667019e-002; w1(4,2)=1.5946249293e-001; w1(4,3)=4.1468333179e-001; w1(4,4)=1.8853376546e-001; w1(4,5)=9.2550168474e-002; 
w10(5,1)=2.5139068156e-001; w1(5,1)=5.1820255700e-001; w1(5,2)=3.2698527802e-001; w1(5,3)=-1.7899379493e-001; w1(5,4)=-2.4533933809e-001; w1(5,5)=-9.7729314411e-001; 
w10(6,1)=-3.1947303452e-002; w1(6,1)=-1.6086071142e-001; w1(6,2)=-7.3416081593e-002; w1(6,3)=1.9244734055e-001; w1(6,4)=1.5861289343e-001; w1(6,5)=5.4278409597e-001; 
w10(7,1)=-3.9969561874e-001; w1(7,1)=1.9421218728e-001; w1(7,2)=-1.2720250518e-001; w1(7,3)=-9.1054110268e-001; w1(7,4)=-1.1031394748e-001; w1(7,5)=-9.5656155533e-001; 
w10(8,1)=-4.9884133090e-002; w1(8,1)=-2.9149081951e-001; w1(8,2)=-2.3371259782e-001; w1(8,3)=-3.2970792767e-001; w1(8,4)=1.3355188468e-001; w1(8,5)=1.6049491427e-001; 
w10(9,1)=-1.9130750424e-001; w1(9,1)=5.2043202296e-001; w1(9,2)=2.7375416986e-001; w1(9,3)=-4.7636453200e-001; w1(9,4)=-4.9907450291e-001; w1(9,5)=-3.0402224048e-001; 
w20=-1.3862413538e-001; w2(1)=-2.2274192511e-001; w2(2)=-3.3163275038e-001; w2(3)=-5.3828216046e-001; w2(4)=-9.2330214128e-002; w2(5)=-1.8159585592e-001; w2(6)=4.2905854291e-001; w2(7)=-2.4796846666e-001; w2(8)=2.6180206775e-001; w2(9)=3.5281301166e-001; 

