
%liczba neuronów ukrytych: 7, liczba wejœæ sieci: 5
%wejœcie 1: u(k-5)
%wejœcie 2: u(k-6)
%wejœcie 3: u(k-7)
%wejœcie 4: y(k-1)
%wejœcie 5: y(k-2)
%uczenie w trybie OE
w10(1,1)=-4.9873197424e-001; w1(1,1)=2.3802447410e-001; w1(1,2)=-2.3547933186e-002; w1(1,3)=-6.3800672183e-001; w1(1,4)=2.1347742556e-001; w1(1,5)=-1.4264160119e+000; 
w10(2,1)=-1.6794341952e-001; w1(2,1)=1.9911368945e-001; w1(2,2)=-2.1816445382e-001; w1(2,3)=-6.2010853302e-001; w1(2,4)=-1.1881004737e-001; w1(2,5)=-3.9194013647e-001; 
w10(3,1)=-2.1462495050e-001; w1(3,1)=6.3685509253e-002; w1(3,2)=-1.0838944794e-001; w1(3,3)=-5.7204526446e-002; w1(3,4)=5.6038407152e-001; w1(3,5)=7.6759059053e-001; 
w10(4,1)=-2.6505487733e-001; w1(4,1)=-9.1664039942e-003; w1(4,2)=-4.3709678014e-001; w1(4,3)=-7.4726049037e-001; w1(4,4)=2.4541396860e-001; w1(4,5)=2.9741329368e-001; 
w10(5,1)=-1.8813878201e-001; w1(5,1)=-7.8780061411e-001; w1(5,2)=2.5236697316e-001; w1(5,3)=1.9005922016e+000; w1(5,4)=-1.8302944664e-001; w1(5,5)=9.8568024307e-001; 
w10(6,1)=6.2451062052e-002; w1(6,1)=5.0422097602e-001; w1(6,2)=1.0013975028e+000; w1(6,3)=6.0681825204e-001; w1(6,4)=-1.5275999802e-001; w1(6,5)=-3.2161777104e-001; 
w10(7,1)=-5.8401509895e-001; w1(7,1)=-9.1535149339e-001; w1(7,2)=-4.2940016307e-001; w1(7,3)=7.2734751797e-001; w1(7,4)=4.6408351139e-002; w1(7,5)=1.4968011701e+000; 
w20=-6.8276153943e-002; w2(1)=-3.8333260161e-001; w2(2)=-1.5505053303e-001; w2(3)=2.3845321000e-001; w2(4)=2.3052188107e-001; w2(5)=-7.9478869333e-002; w2(6)=1.7902384434e-001; w2(7)=9.5287962021e-002; 

