
%liczba neuronów ukrytych: 5, liczba wejœæ sieci: 4
%wejœcie 1: u(k-5)
%wejœcie 2: u(k-6)
%wejœcie 3: y(k-1)
%wejœcie 4: y(k-2)
%uczenie w trybie OE
w10(1,1)=-2.9118974673e-001; w1(1,1)=4.0502472287e-001; w1(1,2)=-6.4773329376e-001; w1(1,3)=-5.3350816333e-001; w1(1,4)=-5.5489771571e-001; 
w10(2,1)=8.0748811178e-002; w1(2,1)=1.1823000695e+000; w1(2,2)=7.8622084917e-001; w1(2,3)=7.5478278345e-001; w1(2,4)=-1.1161895578e+000; 
w10(3,1)=-2.6419781062e-001; w1(3,1)=-2.0281061413e-001; w1(3,2)=-3.0090113805e-001; w1(3,3)=7.4317225680e-002; w1(3,4)=7.4871254802e-001; 
w10(4,1)=-1.5747827384e-001; w1(4,1)=6.8037535442e-001; w1(4,2)=-1.2345235458e+000; w1(4,3)=4.6431737970e-001; w1(4,4)=-1.5155601250e+000; 
w10(5,1)=-5.8413117689e-001; w1(5,1)=9.9671278209e-001; w1(5,2)=-9.6467967673e-001; w1(5,3)=-4.4075465382e-002; w1(5,4)=-6.7351086306e-001; 
w20=-5.4735665972e-002; w2(1)=-8.0898634897e-001; w2(2)=9.6719295440e-002; w2(3)=3.6931111075e-001; w2(4)=1.2672462903e-001; w2(5)=1.2869830987e-001; 

