
%liczba neuronów ukrytych: 10, liczba wejœæ sieci: 5
%wejœcie 1: u(k-5)
%wejœcie 2: u(k-6)
%wejœcie 3: u(k-7)
%wejœcie 4: y(k-1)
%wejœcie 5: y(k-2)
%uczenie w trybie OE
w10(1,1)=2.9980025563e-001; w1(1,1)=-2.3704445169e-002; w1(1,2)=1.9830576060e-001; w1(1,3)=2.3292895664e-001; w1(1,4)=-1.3537604851e-001; w1(1,5)=1.2610159131e-001; 
w10(2,1)=-3.3625512790e-001; w1(2,1)=2.6349230932e-001; w1(2,2)=-1.5077813431e-001; w1(2,3)=-6.3056300067e-001; w1(2,4)=6.0138453549e-001; w1(2,5)=1.3987136396e-001; 
w10(3,1)=-3.4208376461e-001; w1(3,1)=9.6265097319e-002; w1(3,2)=-1.4987326175e-001; w1(3,3)=-3.3440416477e-001; w1(3,4)=4.8104745174e-003; w1(3,5)=-1.5836490655e+000; 
w10(4,1)=-3.2174278546e-002; w1(4,1)=-4.3184384238e-002; w1(4,2)=-4.9283064295e-001; w1(4,3)=-1.0231416962e+000; w1(4,4)=2.6342552435e-001; w1(4,5)=-4.2525803054e-001; 
w10(5,1)=2.8397377574e-001; w1(5,1)=-6.5104950582e-001; w1(5,2)=-2.0111572523e-001; w1(5,3)=9.3506521846e-001; w1(5,4)=3.7892584498e-001; w1(5,5)=1.4981276908e+000; 
w10(6,1)=2.5771007381e-001; w1(6,1)=2.7150221281e-001; w1(6,2)=3.3823153207e-001; w1(6,3)=2.4689803150e-001; w1(6,4)=-7.9980032020e-002; w1(6,5)=-1.2326718375e+000; 
w10(7,1)=-4.1770097925e-001; w1(7,1)=5.0224425157e-001; w1(7,2)=4.1598961100e-002; w1(7,3)=-9.4940471691e-001; w1(7,4)=-2.4053014451e-001; w1(7,5)=-8.5404060126e-001; 
w10(8,1)=-7.4259651793e-002; w1(8,1)=-3.1363294706e-001; w1(8,2)=-1.7339869449e-001; w1(8,3)=1.7676740710e-001; w1(8,4)=4.6412703602e-001; w1(8,5)=4.7760101429e-001; 
w10(9,1)=-1.9779679935e-001; w1(9,1)=-3.7837019090e-001; w1(9,2)=5.6716735299e-002; w1(9,3)=3.6622824429e-001; w1(9,4)=3.6586421620e-002; w1(9,5)=-2.6481264879e-002; 
w10(10,1)=4.1306939818e-002; w1(10,1)=4.4607081197e-001; w1(10,2)=6.5569778740e-001; w1(10,3)=8.4918650151e-001; w1(10,4)=-2.3274058955e-001; w1(10,5)=-2.6417720573e-001; 
w20=-1.2574938232e-001; w2(1)=1.2784723237e-001; w2(2)=1.4513070762e-002; w2(3)=-3.5341438460e-001; w2(4)=1.6085717668e-001; w2(5)=-5.7065315965e-002; w2(6)=-2.8149932438e-001; w2(7)=-1.4637388901e-001; w2(8)=8.2566916645e-002; w2(9)=-4.0385844977e-002; w2(10)=2.4010491576e-001; 

