
%liczba neuronów ukrytych: 7, liczba wejœæ sieci: 4
%wejœcie 1: u(k-5)
%wejœcie 2: u(k-6)
%wejœcie 3: y(k-1)
%wejœcie 4: y(k-2)
%uczenie w trybie OE
w10(1,1)=-6.0512384875e-002; w1(1,1)=6.0027703429e-001; w1(1,2)=2.9055205066e-001; w1(1,3)=-3.6368803625e-001; w1(1,4)=-4.6363175407e-001; 
w10(2,1)=7.6355767554e-001; w1(2,1)=-6.1885671163e-001; w1(2,2)=3.5414945007e-001; w1(2,3)=-1.0616449807e-001; w1(2,4)=7.1394101944e-001; 
w10(3,1)=2.2698933272e-003; w1(3,1)=-3.7800248939e-001; w1(3,2)=-9.8927067563e-001; w1(3,3)=1.7748792262e-001; w1(3,4)=-6.0781851521e-001; 
w10(4,1)=-2.2009154155e-001; w1(4,1)=4.6598126395e-001; w1(4,2)=4.4411819735e-001; w1(4,3)=7.6450548898e-002; w1(4,4)=-1.4558330226e-001; 
w10(5,1)=6.6785084009e-001; w1(5,1)=4.1909106848e-001; w1(5,2)=3.9500785131e-001; w1(5,3)=1.9555158615e-001; w1(5,4)=-1.7363068194e-001; 
w10(6,1)=6.6502916041e-001; w1(6,1)=5.5895152049e-001; w1(6,2)=2.5667044924e-001; w1(6,3)=-2.1181483471e-001; w1(6,4)=-3.4580764320e-001; 
w10(7,1)=-1.6955640192e-001; w1(7,1)=-2.4501366293e-001; w1(7,2)=2.0281789204e-001; w1(7,3)=-9.5013300900e-001; w1(7,4)=-4.1961801020e-001; 
w20=-1.8287289217e-001; w2(1)=-3.5788236351e-003; w2(2)=2.4937229622e-001; w2(3)=-1.9270201512e-001; w2(4)=-7.3751396535e-002; w2(5)=7.0747155755e-001; w2(6)=-7.8631790266e-001; w2(7)=-3.0477590982e-001; 

