
%liczba neuronów ukrytych: 4, liczba wejœæ sieci: 4
%wejœcie 1: u(k-5)
%wejœcie 2: u(k-6)
%wejœcie 3: y(k-1)
%wejœcie 4: y(k-2)
%uczenie w trybie ARX
w10(1,1)=1.5557697955e-001; w1(1,1)=-8.0313677197e-002; w1(1,2)=-1.1999336162e-001; w1(1,3)=-9.2373352716e-001; w1(1,4)=-1.8605616942e-002; 
w10(2,1)=8.8784938424e-001; w1(2,1)=1.7840131613e-001; w1(2,2)=2.7449419611e-001; w1(2,3)=1.1674684070e+000; w1(2,4)=3.8330764120e-002; 
w10(3,1)=-1.4479036101e-002; w1(3,1)=-1.0485680157e+000; w1(3,2)=-9.7232197446e-001; w1(3,3)=2.8603511185e-003; w1(3,4)=2.0125195017e-001; 
w10(4,1)=1.3455321263e-001; w1(4,1)=4.0511760935e-001; w1(4,2)=3.9789187926e-001; w1(4,3)=-2.8548393252e-001; w1(4,4)=3.5336883758e-001; 
w20=-1.2177078862e-001; w2(1)=-7.5777767404e-001; w2(2)=4.2681146047e-001; w2(3)=-1.1321004232e-001; w2(4)=-4.8611944573e-001; 

