
%liczba neuronów ukrytych: 9, liczba wejœæ sieci: 4
%wejœcie 1: u(k-5)
%wejœcie 2: u(k-6)
%wejœcie 3: y(k-1)
%wejœcie 4: y(k-2)
%uczenie w trybie OE
w10(1,1)=-3.3106814996e-001; w1(1,1)=-2.2193449787e-001; w1(1,2)=-8.9924328899e-001; w1(1,3)=-1.3482723101e-001; w1(1,4)=-7.8688315329e-001; 
w10(2,1)=-1.2611421992e-001; w1(2,1)=-4.7392535632e-001; w1(2,2)=-7.3010444187e-001; w1(2,3)=1.1323289043e-001; w1(2,4)=-1.9806824039e-001; 
w10(3,1)=6.3197146757e-001; w1(3,1)=-1.1123883319e+000; w1(3,2)=1.1758044836e+000; w1(3,3)=7.2255363627e-001; w1(3,4)=2.2381995939e+000; 
w10(4,1)=-1.9031079757e-001; w1(4,1)=9.3825471465e-001; w1(4,2)=-9.2645148546e-001; w1(4,3)=3.9484877519e-002; w1(4,4)=-1.5940113351e+000; 
w10(5,1)=1.4887119438e-001; w1(5,1)=-1.2222543385e+000; w1(5,2)=-5.8156376806e-001; w1(5,3)=1.4387707593e-002; w1(5,4)=6.7991119175e-001; 
w10(6,1)=1.5842706962e-001; w1(6,1)=1.0799386066e-001; w1(6,2)=-2.0331862333e-001; w1(6,3)=9.0603793666e-002; w1(6,4)=-4.6637238638e-002; 
w10(7,1)=5.1300026283e-001; w1(7,1)=8.0144127565e-002; w1(7,2)=3.7443602237e-001; w1(7,3)=4.3636468078e-001; w1(7,4)=7.5248936363e-001; 
w10(8,1)=-3.3391255745e-001; w1(8,1)=-8.7599718156e-001; w1(8,2)=-1.0591663634e+000; w1(8,3)=3.3499503409e-002; w1(8,4)=-1.7711390660e-001; 
w10(9,1)=9.0358628828e-002; w1(9,1)=4.1422365117e-002; w1(9,2)=-1.3867341858e+000; w1(9,3)=-5.4998886080e-001; w1(9,4)=-1.5143881002e+000; 
w20=-2.2521507517e-001; w2(1)=-7.1007853039e-002; w2(2)=8.8252930150e-001; w2(3)=-1.1985240732e-001; w2(4)=-3.2646777549e-001; w2(5)=-2.6749224254e-001; w2(6)=-1.6600267658e-001; w2(7)=6.8953821833e-001; w2(8)=-2.0215065820e-001; w2(9)=-6.1100349773e-002; 

