
%liczba neuronów ukrytych: 4, liczba wejœæ sieci: 4
%wejœcie 1: u(k-5)
%wejœcie 2: u(k-6)
%wejœcie 3: y(k-1)
%wejœcie 4: y(k-2)
%uczenie w trybie OE
w10(1,1)=-1.0219127978e+000; w1(1,1)=4.7725180784e-001; w1(1,2)=2.7358200683e-003; w1(1,3)=-8.6119120036e-001; w1(1,4)=-2.1643399860e+000; 
w10(2,1)=-4.3311334887e-001; w1(2,1)=3.5666540082e-001; w1(2,2)=-2.7301659280e-001; w1(2,3)=-5.1233599581e-001; w1(2,4)=-1.2828045481e+000; 
w10(3,1)=-1.1502834647e+000; w1(3,1)=1.0692868341e+000; w1(3,2)=-1.9564281994e-001; w1(3,3)=7.4099536233e-002; w1(3,4)=-2.1517480198e+000; 
w10(4,1)=-2.7331285038e-001; w1(4,1)=-6.7823660456e-001; w1(4,2)=-3.7157448539e+000; w1(4,3)=2.1475080585e+000; w1(4,4)=-4.0149964414e-001; 
w20=-1.5511075694e-001; w2(1)=6.1289023973e-002; w2(2)=-6.8794668890e-001; w2(3)=1.0936640426e-001; w2(4)=-5.1884490497e-002; 

