
%liczba neuronów ukrytych: 10, liczba wejœæ sieci: 4
%wejœcie 1: u(k-5)
%wejœcie 2: u(k-6)
%wejœcie 3: y(k-1)
%wejœcie 4: y(k-2)
%uczenie w trybie OE
w10(1,1)=3.6115058968e-001; w1(1,1)=-1.9252343261e-001; w1(1,2)=1.0317045193e+000; w1(1,3)=-2.0129301676e-002; w1(1,4)=7.5722426517e-001; 
w10(2,1)=-6.1823870467e-001; w1(2,1)=5.9247355655e-001; w1(2,2)=-1.1903697399e+000; w1(2,3)=-6.6097321148e-002; w1(2,4)=-1.2107774007e+000; 
w10(3,1)=-2.7852577394e-001; w1(3,1)=-1.0064031505e-001; w1(3,2)=-1.4434621637e-001; w1(3,3)=-4.4708825113e-001; w1(3,4)=-3.6704229612e-001; 
w10(4,1)=2.3394901006e-001; w1(4,1)=-8.7554168131e-001; w1(4,2)=4.8927072473e-001; w1(4,3)=5.9922154675e-002; w1(4,4)=1.0161122907e+000; 
w10(5,1)=9.5661463144e-002; w1(5,1)=-2.7301752954e-001; w1(5,2)=6.4373412293e-001; w1(5,3)=-5.2596141173e-002; w1(5,4)=7.0462497030e-001; 
w10(6,1)=2.2439701284e-001; w1(6,1)=2.5979949392e-001; w1(6,2)=-2.6951010761e-001; w1(6,3)=-1.6193724555e-001; w1(6,4)=-6.7255671526e-001; 
w10(7,1)=-2.7711891572e-001; w1(7,1)=8.8132146871e-001; w1(7,2)=-4.5513980315e-001; w1(7,3)=-3.8404002082e-002; w1(7,4)=-1.0259922373e+000; 
w10(8,1)=-1.5256917251e-001; w1(8,1)=-7.8927778764e-001; w1(8,2)=-1.5350183109e+000; w1(8,3)=2.0190205668e-001; w1(8,4)=-1.6777337525e-001; 
w10(9,1)=1.3846160019e-001; w1(9,1)=5.3207267126e-001; w1(9,2)=-7.4931794985e-001; w1(9,3)=3.5030455177e-001; w1(9,4)=-6.4509614570e-001; 
w10(10,1)=4.6968534535e-002; w1(10,1)=5.6973151303e-001; w1(10,2)=-1.4802660329e-001; w1(10,3)=-6.4733803330e-003; w1(10,4)=-7.6660417042e-001; 
w20=-5.4862562447e-002; w2(1)=-4.2581142375e-001; w2(2)=-4.2179195629e-001; w2(3)=-3.1281204076e-001; w2(4)=-9.9586875146e-002; w2(5)=1.8154734778e-001; w2(6)=-4.7102134613e-001; w2(7)=1.2280827606e-001; w2(8)=-1.2211089203e-001; w2(9)=2.0135808776e-001; w2(10)=-3.6561789253e-001; 

