
%liczba neuronów ukrytych: 4, liczba wejœæ sieci: 4
%wejœcie 1: u(k-5)
%wejœcie 2: u(k-6)
%wejœcie 3: y(k-1)
%wejœcie 4: y(k-2)
%uczenie w trybie OE
w10(1,1)=-1.7303598506e-001; w1(1,1)=-1.8994901475e-001; w1(1,2)=1.7603731034e-001; w1(1,3)=-4.2155275367e-001; w1(1,4)=2.8865666427e-001; 
w10(2,1)=-2.3607488724e-001; w1(2,1)=-9.3873368585e-001; w1(2,2)=-1.6771397187e+000; w1(2,3)=1.5033360153e-001; w1(2,4)=-1.3000060230e-001; 
w10(3,1)=1.8961438121e-001; w1(3,1)=8.3262255561e-003; w1(3,2)=7.9939033805e-002; w1(3,3)=1.1535819349e+000; w1(3,4)=-6.0382208264e-001; 
w10(4,1)=-3.9316983948e-001; w1(4,1)=-2.0758675898e-001; w1(4,2)=4.2473425597e-002; w1(4,3)=-2.0442774206e-001; w1(4,4)=5.7564489907e-001; 
w20=-9.9922689289e-003; w2(1)=-5.2518502126e-001; w2(2)=-2.7352544606e-002; w2(3)=1.1655988132e+000; w2(4)=8.1429360195e-001; 

