
%liczba neuronów ukrytych: 2, liczba wejœæ sieci: 4
%wejœcie 1: u(k-5)
%wejœcie 2: u(k-6)
%wejœcie 3: y(k-1)
%wejœcie 4: y(k-2)
%uczenie w trybie OE
w10(1,1)=-1.0107101080e+000; w1(1,1)=-1.3916602101e-001; w1(1,2)=-8.3729671664e-001; w1(1,3)=3.2378578088e-002; w1(1,4)=1.0264977839e+000; 
w10(2,1)=3.4372266183e-001; w1(2,1)=-1.4896640582e-001; w1(2,2)=4.5882726514e-001; w1(2,3)=8.8506099868e-001; w1(2,4)=4.0253974068e-001; 
w20=-6.0532774528e-002; w2(1)=2.0888545373e-001; w2(2)=6.6687434949e-001; 

