
%liczba neuronów ukrytych: 10, liczba wejœæ sieci: 5
%wejœcie 1: u(k-5)
%wejœcie 2: u(k-6)
%wejœcie 3: u(k-7)
%wejœcie 4: y(k-1)
%wejœcie 5: y(k-2)
%uczenie w trybie OE
w10(1,1)=-8.5619238468e-002; w1(1,1)=-1.3125315597e-002; w1(1,2)=-2.7769350722e-002; w1(1,3)=1.4622529376e-001; w1(1,4)=1.2565730951e-003; w1(1,5)=-2.1868621299e-001; 
w10(2,1)=2.3532788613e-001; w1(2,1)=-7.4265765440e-001; w1(2,2)=-2.7728761513e-001; w1(2,3)=4.4600763800e-001; w1(2,4)=-9.4249618261e-002; w1(2,5)=2.3552927348e-001; 
w10(3,1)=1.7529593282e-001; w1(3,1)=5.5574413753e-001; w1(3,2)=-9.2285551094e-002; w1(3,3)=-1.0338627921e+000; w1(3,4)=2.5367134139e-003; w1(3,5)=-3.3112290668e-001; 
w10(4,1)=-3.0354700344e-001; w1(4,1)=2.3915323253e-002; w1(4,2)=9.9663803824e-002; w1(4,3)=4.3675798880e-001; w1(4,4)=7.1804714225e-002; w1(4,5)=-6.2962546154e-002; 
w10(5,1)=4.2625639261e-001; w1(5,1)=1.3232463690e-001; w1(5,2)=1.9980047571e-001; w1(5,3)=-1.8652954858e-001; w1(5,4)=-2.0191612200e-002; w1(5,5)=9.4770099577e-001; 
w10(6,1)=-8.8382941701e-001; w1(6,1)=6.7375610550e-001; w1(6,2)=-3.7859551132e-001; w1(6,3)=-2.3135764062e+000; w1(6,4)=3.8137196257e-002; w1(6,5)=-1.4138860654e+000; 
w10(7,1)=-5.4963415932e-001; w1(7,1)=-4.7967964289e-001; w1(7,2)=-2.4338819101e-001; w1(7,3)=3.2407313892e-001; w1(7,4)=1.4033141600e-001; w1(7,5)=1.0488014152e+000; 
w10(8,1)=2.8836044328e-001; w1(8,1)=-6.2811250828e-001; w1(8,2)=-2.3153893085e-001; w1(8,3)=7.2602435825e-001; w1(8,4)=1.0156284010e-001; w1(8,5)=-6.8276960461e-002; 
w10(9,1)=1.6482807046e-001; w1(9,1)=3.5475662915e-002; w1(9,2)=-4.0603578730e-001; w1(9,3)=-1.1710278793e+000; w1(9,4)=2.3218073683e-001; w1(9,5)=-4.5305970324e-001; 
w10(10,1)=-4.9403905126e-001; w1(10,1)=4.3501223313e-001; w1(10,2)=-5.0758340555e-002; w1(10,3)=-5.4378612927e-001; w1(10,4)=-1.8420496735e-003; w1(10,5)=-6.8877083210e-001; 
w20=-1.2289891252e-001; w2(1)=-2.2922731637e-001; w2(2)=-8.8735511629e-002; w2(3)=3.0222739140e-001; w2(4)=7.7049015882e-002; w2(5)=3.6403899333e-001; w2(6)=-6.1985562667e-002; w2(7)=4.2859731720e-001; w2(8)=7.3430102175e-002; w2(9)=-1.6661358454e-001; w2(10)=-2.7029270736e-001; 

