
%liczba neuronów ukrytych: 10, liczba wejœæ sieci: 5
%wejœcie 1: u(k-5)
%wejœcie 2: u(k-6)
%wejœcie 3: u(k-7)
%wejœcie 4: y(k-1)
%wejœcie 5: y(k-2)
%uczenie w trybie OE
w10(1,1)=-1.1664709838e-003; w1(1,1)=-8.6702094368e-001; w1(1,2)=-8.0075913651e-001; w1(1,3)=-3.7901761452e-001; w1(1,4)=1.9736360826e-001; w1(1,5)=2.2830371900e-001; 
w10(2,1)=4.0909855628e-001; w1(2,1)=1.2167885042e+000; w1(2,2)=6.4216653004e-001; w1(2,3)=-4.9103678694e-001; w1(2,4)=-4.3668987512e-001; w1(2,5)=-1.6858426688e+000; 
w10(3,1)=-2.3663928211e-001; w1(3,1)=-2.1867244552e-001; w1(3,2)=1.5047816467e-002; w1(3,3)=1.2221109798e-001; w1(3,4)=2.8547795315e-001; w1(3,5)=2.4995945824e-001; 
w10(4,1)=5.3365952061e-003; w1(4,1)=-4.6698301183e-002; w1(4,2)=-1.0046878114e-001; w1(4,3)=-1.3165047101e-001; w1(4,4)=-2.3526704562e-001; w1(4,5)=-4.0336452889e-001; 
w10(5,1)=4.3492046282e-002; w1(5,1)=-4.9880387237e-001; w1(5,2)=5.7159968726e-002; w1(5,3)=7.5446238437e-001; w1(5,4)=2.9900212899e-001; w1(5,5)=3.8863122375e-001; 
w10(6,1)=-7.1671446859e-002; w1(6,1)=-3.4588288788e-001; w1(6,2)=-3.3741796789e-001; w1(6,3)=-2.8717260520e-001; w1(6,4)=-2.5023084087e-001; w1(6,5)=7.3294868388e-002; 
w10(7,1)=-2.7752987752e-001; w1(7,1)=6.5724171941e-002; w1(7,2)=-1.2084346964e-001; w1(7,3)=-3.8225054599e-001; w1(7,4)=-9.8872839522e-002; w1(7,5)=-1.0398249144e+000; 
w10(8,1)=-2.3228223676e-001; w1(8,1)=-6.1669070490e-002; w1(8,2)=-2.0540901683e-001; w1(8,3)=-3.1633135158e-001; w1(8,4)=-8.6411753378e-002; w1(8,5)=-3.2992537651e-001; 
w10(9,1)=-1.8991259667e-001; w1(9,1)=2.2248010125e-001; w1(9,2)=-1.9895746174e-001; w1(9,3)=-9.2228290969e-001; w1(9,4)=-2.9859925056e-001; w1(9,5)=-1.2235479168e+000; 
w10(10,1)=8.9371242772e-001; w1(10,1)=3.2367005259e-001; w1(10,2)=8.1498634773e-001; w1(10,3)=1.9707531782e+000; w1(10,4)=1.7357346421e-001; w1(10,5)=1.0009963446e+000; 
w20=-1.2742943632e-001; w2(1)=-2.3584374391e-001; w2(2)=-1.0240524880e-001; w2(3)=1.3311216396e-001; w2(4)=-3.5107296299e-001; w2(5)=-2.2691922037e-001; w2(6)=6.3394651707e-001; w2(7)=-6.3286235514e-001; w2(8)=-3.6305343807e-001; w2(9)=8.8465996821e-002; w2(10)=2.4081580640e-002; 

