
%liczba neuronów ukrytych: 9, liczba wejœæ sieci: 5
%wejœcie 1: u(k-5)
%wejœcie 2: u(k-6)
%wejœcie 3: u(k-7)
%wejœcie 4: y(k-1)
%wejœcie 5: y(k-2)
%uczenie w trybie OE
w10(1,1)=-3.5134215959e-001; w1(1,1)=1.6496737812e-001; w1(1,2)=-1.2992172471e-001; w1(1,3)=-6.4683412264e-001; w1(1,4)=-2.4505890337e-002; w1(1,5)=-1.1726206521e+000; 
w10(2,1)=-6.6673612002e-002; w1(2,1)=9.3334852855e-002; w1(2,2)=-1.1949130437e-001; w1(2,3)=-4.0205628006e-001; w1(2,4)=-2.1376914583e-001; w1(2,5)=1.8032450549e-002; 
w10(3,1)=-1.4094815775e-001; w1(3,1)=2.2737591088e-001; w1(3,2)=-2.1885012195e-001; w1(3,3)=-9.3826030503e-001; w1(3,4)=-1.3985715341e-001; w1(3,5)=-5.8835247923e-002; 
w10(4,1)=-2.0656915897e-001; w1(4,1)=8.7741124486e-001; w1(4,2)=4.1380487089e-001; w1(4,3)=-4.3667643559e-001; w1(4,4)=-2.6964764120e-001; w1(4,5)=-6.8656038057e-001; 
w10(5,1)=2.3399762761e-001; w1(5,1)=-5.9243735827e-001; w1(5,2)=-5.5610153820e-002; w1(5,3)=7.4926358058e-001; w1(5,4)=1.4763594434e-001; w1(5,5)=5.1003468011e-001; 
w10(6,1)=1.7730725732e-002; w1(6,1)=1.6296394188e-001; w1(6,2)=-3.2326792740e-001; w1(6,3)=-1.0558961031e+000; w1(6,4)=-1.9944128073e-001; w1(6,5)=-6.0472660500e-001; 
w10(7,1)=1.1126024658e-001; w1(7,1)=6.2230085455e-001; w1(7,2)=3.2386046047e-001; w1(7,3)=-2.7698502566e-001; w1(7,4)=-2.4969651724e-001; w1(7,5)=-8.5917553219e-001; 
w10(8,1)=8.9469835243e-002; w1(8,1)=-5.7422974399e-002; w1(8,2)=-1.6781103850e-002; w1(8,3)=4.3843341199e-001; w1(8,4)=-1.5184149680e-001; w1(8,5)=-7.3560115436e-001; 
w10(9,1)=-1.8981518272e-002; w1(9,1)=2.7119049504e-001; w1(9,2)=5.4661975119e-001; w1(9,3)=1.4705401794e+000; w1(9,4)=-3.9661357169e-001; w1(9,5)=-4.5678511386e-002; 
w20=-7.3842750754e-002; w2(1)=-4.8243702272e-001; w2(2)=-1.9227548570e-001; w2(3)=2.0516254137e-001; w2(4)=1.7865330172e-001; w2(5)=8.9396367382e-002; w2(6)=1.3032663289e-001; w2(7)=-2.7077763034e-001; w2(8)=-3.0639285884e-001; w2(9)=1.4131893593e-001; 

