
%liczba neuronów ukrytych: 2, liczba wejœæ sieci: 5
%wejœcie 1: u(k-5)
%wejœcie 2: u(k-6)
%wejœcie 3: u(k-7)
%wejœcie 4: y(k-1)
%wejœcie 5: y(k-2)
%uczenie w trybie OE
w10(1,1)=-2.1134355768e-001; w1(1,1)=-7.3389822771e-001; w1(1,2)=3.5563105552e+000; w1(1,3)=2.6220723367e+000; w1(1,4)=-6.1550386340e-001; w1(1,5)=-2.1238247529e+000; 
w10(2,1)=-4.9284832195e-001; w1(2,1)=-6.6270898581e-002; w1(2,2)=1.0671081943e-001; w1(2,3)=-5.4197142113e-002; w1(2,4)=-1.3063319629e+000; w1(2,5)=-5.3495768914e-001; 
w20=-2.4171938735e-001; w2(1)=5.0154497502e-002; w2(2)=-5.5035975628e-001; 

