
%liczba neuronów ukrytych: 3, liczba wejœæ sieci: 5
%wejœcie 1: u(k-5)
%wejœcie 2: u(k-6)
%wejœcie 3: u(k-7)
%wejœcie 4: y(k-1)
%wejœcie 5: y(k-2)
%uczenie w trybie OE
w10(1,1)=-3.2431803722e-001; w1(1,1)=1.0980068958e-002; w1(1,2)=1.6532747078e-001; w1(1,3)=-1.3891893430e-001; w1(1,4)=-8.9196908864e-001; w1(1,5)=-2.7888033948e-001; 
w10(2,1)=2.4219769832e-001; w1(2,1)=5.3988481141e-001; w1(2,2)=2.0793353118e+000; w1(2,3)=1.1206101065e+000; w1(2,4)=-5.6442894534e-001; w1(2,5)=-4.8063561612e-002; 
w10(3,1)=1.2983523269e+000; w1(3,1)=2.5946606019e-003; w1(3,2)=-6.9689710534e-001; w1(3,3)=1.0644720567e-001; w1(3,4)=-7.8161049223e-001; w1(3,5)=2.5767403570e+000; 
w20=-1.6464324662e-001; w2(1)=-9.0692932593e-001; w2(2)=4.3379519664e-002; w2(3)=-1.4938061369e-001; 

