
%liczba neuronów ukrytych: 8, liczba wejœæ sieci: 4
%wejœcie 1: u(k-5)
%wejœcie 2: u(k-6)
%wejœcie 3: y(k-1)
%wejœcie 4: y(k-2)
%uczenie w trybie OE
w10(1,1)=-4.2348285363e-001; w1(1,1)=4.5757234556e-001; w1(1,2)=-3.1652723417e-001; w1(1,3)=-1.3813730982e-001; w1(1,4)=-5.2452437502e-001; 
w10(2,1)=5.6813513551e-001; w1(2,1)=6.9262920281e-001; w1(2,2)=-3.7897003003e-001; w1(2,3)=-2.3835727749e-001; w1(2,4)=-8.8121088332e-001; 
w10(3,1)=-1.8522474681e-001; w1(3,1)=-1.9961798655e-001; w1(3,2)=-1.1152629830e+000; w1(3,3)=2.7873337156e-001; w1(3,4)=-1.1172050989e-001; 
w10(4,1)=-2.5871622773e-001; w1(4,1)=5.0720327791e-001; w1(4,2)=-1.2235123533e+000; w1(4,3)=-1.3902635601e-001; w1(4,4)=-1.3264939089e+000; 
w10(5,1)=-7.8887936631e-001; w1(5,1)=6.9145793451e-001; w1(5,2)=-1.1029234085e+000; w1(5,3)=2.7072852578e-001; w1(5,4)=-1.0381280051e+000; 
w10(6,1)=1.3480567310e-001; w1(6,1)=3.9008846511e-001; w1(6,2)=-7.5944205307e-001; w1(6,3)=2.4050183186e-001; w1(6,4)=-6.2183522979e-001; 
w10(7,1)=4.3769139864e-001; w1(7,1)=7.3537061586e-001; w1(7,2)=3.1905896327e-001; w1(7,3)=4.4818702867e-002; w1(7,4)=-1.0977936004e-001; 
w10(8,1)=3.7323888743e-001; w1(8,1)=4.0990908099e-001; w1(8,2)=-4.6729166796e-001; w1(8,3)=9.6462727572e-001; w1(8,4)=-6.9833053560e-002; 
w20=-2.0465890700e-001; w2(1)=8.0893722014e-003; w2(2)=-3.1319693762e-001; w2(3)=-2.8746656979e-001; w2(4)=-1.3625606199e-001; w2(5)=-2.4008609413e-001; w2(6)=2.0334572543e-001; w2(7)=-2.3961383651e-001; w2(8)=5.4786531673e-001; 

