
%liczba neuronów ukrytych: 5, liczba wejœæ sieci: 4
%wejœcie 1: u(k-5)
%wejœcie 2: u(k-6)
%wejœcie 3: y(k-1)
%wejœcie 4: y(k-2)
%uczenie w trybie OE
w10(1,1)=4.9072784505e-001; w1(1,1)=-1.0797612030e-001; w1(1,2)=1.6223527020e-001; w1(1,3)=8.8906721847e-001; w1(1,4)=2.6246504520e-001; 
w10(2,1)=2.5685447705e-001; w1(2,1)=-8.7421128086e-001; w1(2,2)=2.2471338672e+000; w1(2,3)=-1.6574930501e+000; w1(2,4)=1.4766094452e+000; 
w10(3,1)=-2.1718748565e-001; w1(3,1)=7.7015387617e-003; w1(3,2)=-1.7111027089e+000; w1(3,3)=-2.3679627120e-001; w1(3,4)=3.6826513221e-001; 
w10(4,1)=-1.9583944812e-001; w1(4,1)=4.2543495002e-001; w1(4,2)=-1.1439959595e+000; w1(4,3)=3.8108065038e-001; w1(4,4)=-8.6685896084e-001; 
w10(5,1)=-5.4440311091e-001; w1(5,1)=-8.7178890998e-002; w1(5,2)=-2.5845485275e-001; w1(5,3)=4.0173404510e-001; w1(5,4)=5.8077834992e-001; 
w20=1.8700805267e-003; w2(1)=4.2424422128e-001; w2(2)=-2.0802627925e-001; w2(3)=-1.6765636477e-001; w2(4)=-2.9523581479e-001; w2(5)=4.7420520388e-001; 

