
%liczba neuronów ukrytych: 8, liczba wejœæ sieci: 5
%wejœcie 1: u(k-5)
%wejœcie 2: u(k-6)
%wejœcie 3: u(k-7)
%wejœcie 4: y(k-1)
%wejœcie 5: y(k-2)
%uczenie w trybie OE
w10(1,1)=-4.3119320255e-001; w1(1,1)=1.6853129867e-001; w1(1,2)=-2.1060959393e-001; w1(1,3)=-6.1362310768e-001; w1(1,4)=-2.4617407792e-001; w1(1,5)=-7.6266167843e-001; 
w10(2,1)=1.3987068500e-001; w1(2,1)=3.5893223814e-001; w1(2,2)=5.8487153225e-001; w1(2,3)=1.0465601471e+000; w1(2,4)=-7.1698766196e-002; w1(2,5)=-1.3892269512e-002; 
w10(3,1)=-1.7158093733e-001; w1(3,1)=-1.6957064092e-001; w1(3,2)=-3.6479356367e-001; w1(3,3)=-4.9537293577e-001; w1(3,4)=-9.9969408881e-002; w1(3,5)=-1.5727027744e-001; 
w10(4,1)=-4.3993165732e-001; w1(4,1)=-2.0401441060e-002; w1(4,2)=-4.1309172157e-001; w1(4,3)=-9.8675627595e-001; w1(4,4)=1.8070329328e-001; w1(4,5)=-5.0044079620e-001; 
w10(5,1)=-4.2092785306e-001; w1(5,1)=-4.0640195704e-001; w1(5,2)=-2.1476647401e-001; w1(5,3)=3.4870784485e-001; w1(5,4)=-1.9707916442e-002; w1(5,5)=-3.7969113659e-001; 
w10(6,1)=-1.7579063218e-001; w1(6,1)=1.6333723709e-001; w1(6,2)=-2.1299626409e-002; w1(6,3)=-4.6421832463e-001; w1(6,4)=-4.7239351663e-001; w1(6,5)=-8.5199272570e-001; 
w10(7,1)=-1.3883953907e-001; w1(7,1)=-6.4565397131e-001; w1(7,2)=-2.5216405666e-001; w1(7,3)=-2.1323180558e-001; w1(7,4)=-3.7423918847e-002; w1(7,5)=-2.0017607129e-001; 
w10(8,1)=5.1764434773e-001; w1(8,1)=1.8305858607e-001; w1(8,2)=3.5372207339e-001; w1(8,3)=-8.7126728045e-002; w1(8,4)=6.0571273551e-002; w1(8,5)=-7.4790189876e-001; 
w20=-1.6138397158e-001; w2(1)=-3.8075815289e-001; w2(2)=2.7820976961e-001; w2(3)=6.0789495226e-002; w2(4)=1.0481338315e-001; w2(5)=-6.2333759290e-001; w2(6)=-1.5652574819e-001; w2(7)=3.7908681323e-001; w2(8)=-4.2156996375e-001; 

