
%liczba neuronów ukrytych: 7, liczba wejœæ sieci: 5
%wejœcie 1: u(k-5)
%wejœcie 2: u(k-6)
%wejœcie 3: u(k-7)
%wejœcie 4: y(k-1)
%wejœcie 5: y(k-2)
%uczenie w trybie OE
w10(1,1)=5.3281438605e-001; w1(1,1)=4.6646728283e-001; w1(1,2)=3.7215291693e-001; w1(1,3)=2.4843484187e-001; w1(1,4)=-4.4598017158e-001; w1(1,5)=-8.8370254841e-001; 
w10(2,1)=-1.4366036535e-001; w1(2,1)=-2.0028799012e-001; w1(2,2)=-1.1313765131e-001; w1(2,3)=-9.7922136209e-001; w1(2,4)=4.0637950605e-001; w1(2,5)=-2.0535545770e-001; 
w10(3,1)=-1.4486249464e-001; w1(3,1)=-9.4434730470e-003; w1(3,2)=7.6339595049e-002; w1(3,3)=-1.5946128904e-001; w1(3,4)=7.4904185412e-002; w1(3,5)=1.1382373424e-001; 
w10(4,1)=2.2046700925e-002; w1(4,1)=1.3631265160e-001; w1(4,2)=-1.6318067586e-002; w1(4,3)=-2.3836235109e-001; w1(4,4)=6.0295017254e-002; w1(4,5)=-4.3647997887e-001; 
w10(5,1)=2.9321633238e-001; w1(5,1)=-1.8922780138e-001; w1(5,2)=4.2877250233e-002; w1(5,3)=4.8115293279e-001; w1(5,4)=2.0400534747e-001; w1(5,5)=1.0621202749e+000; 
w10(6,1)=-3.0585330431e-002; w1(6,1)=-5.2181131744e-001; w1(6,2)=-2.1619659152e-001; w1(6,3)=5.3024813563e-001; w1(6,4)=-8.6982743930e-002; w1(6,5)=3.6610343012e-001; 
w10(7,1)=1.2457316130e-001; w1(7,1)=1.8635954087e-001; w1(7,2)=1.2079395071e-001; w1(7,3)=-1.0375556112e+000; w1(7,4)=3.0691027725e-001; w1(7,5)=-3.0130253897e-001; 
w20=-4.0622831308e-002; w2(1)=-2.5128463111e-001; w2(2)=-3.5185735415e-001; w2(3)=3.6127830223e-001; w2(4)=-2.1280264416e-001; w2(5)=4.5429715296e-001; w2(6)=-2.8745760096e-002; w2(7)=3.1455720243e-001; 

