
%liczba neuronów ukrytych: 4, liczba wejœæ sieci: 4
%wejœcie 1: u(k-5)
%wejœcie 2: u(k-6)
%wejœcie 3: y(k-1)
%wejœcie 4: y(k-2)
%uczenie w trybie ARX
w10(1,1)=9.7126368744e-001; w1(1,1)=8.1202740509e-002; w1(1,2)=1.6894087169e-001; w1(1,3)=-1.7462522727e-001; w1(1,4)=-2.0512290420e-001; 
w10(2,1)=-2.8938155004e-001; w1(2,1)=-1.8010100525e-002; w1(2,2)=-2.4904243917e-001; w1(2,3)=-1.2284442696e+000; w1(2,4)=1.8474296905e-001; 
w10(3,1)=2.1519212856e-001; w1(3,1)=-8.5683090758e-003; w1(3,2)=-3.3175067736e-002; w1(3,3)=7.2598062107e-001; w1(3,4)=-1.9124680641e-001; 
w10(4,1)=-1.0835467567e-001; w1(4,1)=-9.6462493498e-001; w1(4,2)=-1.1342829766e+000; w1(4,3)=2.6652889282e-001; w1(4,4)=2.6494438901e-001; 
w20=4.6319577873e-001; w2(1)=-9.7198613286e-001; w2(2)=-4.8585258309e-001; w2(3)=5.8833206337e-001; w2(4)=-4.5188810372e-002; 

