
%liczba neuronów ukrytych: 7, liczba wejœæ sieci: 5
%wejœcie 1: u(k-5)
%wejœcie 2: u(k-6)
%wejœcie 3: u(k-7)
%wejœcie 4: y(k-1)
%wejœcie 5: y(k-2)
%uczenie w trybie OE
w10(1,1)=5.5507960286e-002; w1(1,1)=-8.1835281763e-001; w1(1,2)=-4.5671462125e-001; w1(1,3)=7.4403925116e-001; w1(1,4)=6.4661597304e-001; w1(1,5)=1.3709892467e+000; 
w10(2,1)=6.7568773458e-001; w1(2,1)=-1.3153271995e-002; w1(2,2)=-6.6275863444e-002; w1(2,3)=-5.5127917109e-001; w1(2,4)=-1.6482969241e-001; w1(2,5)=6.4057597608e-001; 
w10(3,1)=6.1606012774e-004; w1(3,1)=3.0831864379e-001; w1(3,2)=1.1399179787e-001; w1(3,3)=-5.0887803945e-001; w1(3,4)=-6.2334854314e-001; w1(3,5)=-2.6198643557e-001; 
w10(4,1)=-3.1984847688e-001; w1(4,1)=1.3605672545e-001; w1(4,2)=-3.0270560937e-002; w1(4,3)=-4.6216733651e-001; w1(4,4)=-2.6657232379e-001; w1(4,5)=-8.4084824316e-001; 
w10(5,1)=5.9169444834e-002; w1(5,1)=-5.2271157639e-001; w1(5,2)=-5.3795682714e-001; w1(5,3)=-3.4346527929e-001; w1(5,4)=6.3209467929e-001; w1(5,5)=7.2407648073e-001; 
w10(6,1)=-4.0171608689e-001; w1(6,1)=-3.2910401061e-001; w1(6,2)=-2.6286940277e-001; w1(6,3)=-4.9187199101e-001; w1(6,4)=-7.8870369511e-002; w1(6,5)=1.4187636577e+000; 
w10(7,1)=-3.9238607296e-001; w1(7,1)=-2.4084262543e-001; w1(7,2)=-4.3049129051e-001; w1(7,3)=-6.5548860941e-001; w1(7,4)=8.1055524074e-002; w1(7,5)=-9.0730879100e-001; 
w20=-2.1406452877e-001; w2(1)=-4.2957162654e-002; w2(2)=3.4487679652e-001; w2(3)=-2.1967331618e-001; w2(4)=-3.7803026535e-001; w2(5)=-2.2974529993e-001; w2(6)=3.8610427374e-001; w2(7)=-1.5526081845e-001; 

