
%liczba neuronów ukrytych: 2, liczba wejœæ sieci: 5
%wejœcie 1: u(k-5)
%wejœcie 2: u(k-6)
%wejœcie 3: u(k-7)
%wejœcie 4: y(k-1)
%wejœcie 5: y(k-2)
%uczenie w trybie OE
w10(1,1)=4.5993283719e-001; w1(1,1)=-1.5104359883e+000; w1(1,2)=-4.1818133397e-001; w1(1,3)=2.8505514755e+000; w1(1,4)=-1.7932028421e+000; w1(1,5)=7.6837251127e-001; 
w10(2,1)=-2.8460662380e-001; w1(2,1)=3.8921706759e-001; w1(2,2)=-6.8690863422e-002; w1(2,3)=-6.7468035754e-001; w1(2,4)=-2.5806546572e-001; w1(2,5)=-7.0337961134e-001; 
w20=-1.1761418904e-001; w2(1)=-2.3527203591e-001; w2(2)=-7.8685395818e-001; 

