
%liczba neuronów ukrytych: 10, liczba wejœæ sieci: 4
%wejœcie 1: u(k-5)
%wejœcie 2: u(k-6)
%wejœcie 3: y(k-1)
%wejœcie 4: y(k-2)
%uczenie w trybie OE
w10(1,1)=-6.3045896237e-002; w1(1,1)=-4.8116876406e-002; w1(1,2)=-1.8533946642e-001; w1(1,3)=3.1857277644e-002; w1(1,4)=5.8968746700e-002; 
w10(2,1)=3.1449458448e-001; w1(2,1)=-4.8590130301e-001; w1(2,2)=3.3761098763e-001; w1(2,3)=-7.0548543229e-002; w1(2,4)=6.3289943623e-001; 
w10(3,1)=-2.6005459944e-001; w1(3,1)=1.7862398441e-001; w1(3,2)=-6.2486261013e-001; w1(3,3)=5.5307072469e-002; w1(3,4)=-8.6697974319e-001; 
w10(4,1)=-1.5049670293e-001; w1(4,1)=-1.6124075313e-002; w1(4,2)=-6.7202281886e-002; w1(4,3)=-4.6545086509e-001; w1(4,4)=-2.0546170286e-001; 
w10(5,1)=-6.9051486274e-002; w1(5,1)=-5.5178341380e-001; w1(5,2)=-6.2340522404e-001; w1(5,3)=1.6138782796e-002; w1(5,4)=3.4111539870e-001; 
w10(6,1)=3.8090346494e-002; w1(6,1)=7.5123102166e-001; w1(6,2)=1.6736023979e+000; w1(6,3)=-7.1401295838e-002; w1(6,4)=4.7867404746e-001; 
w10(7,1)=3.0972315759e-001; w1(7,1)=5.7865354703e-005; w1(7,2)=6.9923859225e-001; w1(7,3)=-4.1260296753e-001; w1(7,4)=3.3525371796e-001; 
w10(8,1)=-1.0979652974e-002; w1(8,1)=2.2491912983e-001; w1(8,2)=-1.2948785997e+000; w1(8,3)=2.4599375453e-001; w1(8,4)=-8.6342323055e-001; 
w10(9,1)=-3.7860965430e-001; w1(9,1)=-6.9844922571e-001; w1(9,2)=3.6098616462e-001; w1(9,3)=-1.1364762072e-001; w1(9,4)=1.1997609109e+000; 
w10(10,1)=-4.7125065215e-001; w1(10,1)=2.6948931753e-001; w1(10,2)=-9.6724128814e-001; w1(10,3)=-1.0234139535e-001; w1(10,4)=-1.0801511005e+000; 
w20=-8.8996530665e-002; w2(1)=3.1578781536e-002; w2(2)=1.5426931280e-001; w2(3)=-5.4077962398e-001; w2(4)=-2.8337314349e-001; w2(5)=-2.8158387975e-001; w2(6)=7.3437720162e-002; w2(7)=-4.8473090665e-001; w2(8)=2.6691933437e-001; w2(9)=2.1860452718e-001; w2(10)=-1.6132647760e-001; 

