
%liczba neuronów ukrytych: 9, liczba wejœæ sieci: 4
%wejœcie 1: u(k-5)
%wejœcie 2: u(k-6)
%wejœcie 3: y(k-1)
%wejœcie 4: y(k-2)
%uczenie w trybie OE
w10(1,1)=4.2370857911e-001; w1(1,1)=-3.7333699188e-002; w1(1,2)=5.8420669240e-002; w1(1,3)=-3.2783023739e-001; w1(1,4)=-4.1007331677e-001; 
w10(2,1)=3.7466828187e-001; w1(2,1)=5.3803081881e-001; w1(2,2)=4.0114253554e-001; w1(2,3)=-2.9806319070e-001; w1(2,4)=-3.3311913172e-001; 
w10(3,1)=1.3465125666e-001; w1(3,1)=6.6933178698e-001; w1(3,2)=-3.4551291972e-001; w1(3,3)=4.7332396052e-001; w1(3,4)=-4.5534832337e-001; 
w10(4,1)=1.5272382341e-001; w1(4,1)=-2.4179626696e-001; w1(4,2)=-1.1366489618e+000; w1(4,3)=3.5592302144e-001; w1(4,4)=-7.8831370903e-001; 
w10(5,1)=-4.5436704923e-001; w1(5,1)=1.0214866189e-001; w1(5,2)=9.4573809221e-002; w1(5,3)=-1.8161742503e-001; w1(5,4)=6.8736675698e-002; 
w10(6,1)=2.9529243769e-001; w1(6,1)=-3.4673642385e-001; w1(6,2)=7.5255468323e-001; w1(6,3)=3.0167364577e-001; w1(6,4)=6.8978235393e-001; 
w10(7,1)=-1.9582036638e-001; w1(7,1)=3.0086137420e-001; w1(7,2)=-5.2391727345e-001; w1(7,3)=9.3906469169e-002; w1(7,4)=-5.1527125203e-001; 
w10(8,1)=5.2821760018e-002; w1(8,1)=4.3840356818e-001; w1(8,2)=-5.8026998494e-001; w1(8,3)=5.2510363440e-001; w1(8,4)=-3.4222393241e-001; 
w10(9,1)=-3.4571633098e-002; w1(9,1)=5.5214633199e-001; w1(9,2)=1.2470318159e+000; w1(9,3)=-2.8581590967e-001; w1(9,4)=-8.4243789639e-002; 
w20=-1.1602823159e-001; w2(1)=-4.3009023154e-001; w2(2)=-2.2720857328e-001; w2(3)=9.5224274842e-002; w2(4)=1.8686316285e-001; w2(5)=-3.2232857400e-001; w2(6)=5.3245598227e-001; w2(7)=-1.6531670769e-001; w2(8)=2.5895549903e-001; w2(9)=2.1943290886e-001; 

