
%liczba neuronów ukrytych: 2, liczba wejœæ sieci: 4
%wejœcie 1: u(k-5)
%wejœcie 2: u(k-6)
%wejœcie 3: y(k-1)
%wejœcie 4: y(k-2)
%uczenie w trybie OE
w10(1,1)=-2.1194527224e-001; w1(1,1)=-1.3454601180e+000; w1(1,2)=7.1433185180e-001; w1(1,3)=-7.7451207729e+000; w1(1,4)=7.0390315855e+000; 
w10(2,1)=-1.0143216754e-001; w1(2,1)=5.1962235416e-001; w1(2,2)=-3.8896934047e-001; w1(2,3)=1.0245656019e+000; w1(2,4)=-1.8315384670e+000; 
w20=-1.5688849935e-001; w2(1)=-3.0618416434e-001; w2(2)=-9.2661310445e-001; 

