
%liczba neuronów ukrytych: 4, liczba wejœæ sieci: 4
%wejœcie 1: u(k-5)
%wejœcie 2: u(k-6)
%wejœcie 3: y(k-1)
%wejœcie 4: y(k-2)
%uczenie w trybie OE
w10(1,1)=1.1645633382e-001; w1(1,1)=-1.4710981599e+000; w1(1,2)=-1.6692528650e+000; w1(1,3)=9.3189078947e-001; w1(1,4)=4.5739565389e-001; 
w10(2,1)=-4.8172545902e-001; w1(2,1)=-9.0070821017e-002; w1(2,2)=-8.4139528633e-001; w1(2,3)=3.3570568607e-002; w1(2,4)=-6.0005601950e-001; 
w10(3,1)=-5.2669180303e-001; w1(3,1)=1.6541347646e-001; w1(3,2)=-5.3222907724e-001; w1(3,3)=-8.7988657602e-001; w1(3,4)=-6.2177493409e-001; 
w10(4,1)=-1.4389898400e-001; w1(4,1)=-1.9342984798e-001; w1(4,2)=-5.4899279712e-002; w1(4,3)=7.2136612285e-001; w1(4,4)=4.3667836970e-001; 
w20=-1.0371152609e-001; w2(1)=-5.7692145095e-002; w2(2)=3.7983993126e-002; w2(3)=-3.8695162836e-001; w2(4)=4.1635126600e-001; 

