
%liczba neuronów ukrytych: 8, liczba wejœæ sieci: 4
%wejœcie 1: u(k-5)
%wejœcie 2: u(k-6)
%wejœcie 3: y(k-1)
%wejœcie 4: y(k-2)
%uczenie w trybie OE
w10(1,1)=-3.8945458097e-002; w1(1,1)=1.5935350043e+000; w1(1,2)=1.4206149685e+000; w1(1,3)=-1.7146724846e-001; w1(1,4)=-3.0712100111e-002; 
w10(2,1)=-1.5284087755e-001; w1(2,1)=1.2192124284e-001; w1(2,2)=-2.9807296101e-001; w1(2,3)=-4.6295583438e-001; w1(2,4)=-6.7304217359e-001; 
w10(3,1)=-1.1718416347e-001; w1(3,1)=2.0222447391e-001; w1(3,2)=-3.7071301212e-001; w1(3,3)=-2.3340410033e-001; w1(3,4)=-6.4661547144e-001; 
w10(4,1)=6.6640084693e-001; w1(4,1)=6.5078546307e-001; w1(4,2)=9.3510930734e-002; w1(4,3)=-4.5635031455e-002; w1(4,4)=-6.1779515190e-001; 
w10(5,1)=-1.7350804952e-001; w1(5,1)=1.6563535655e-001; w1(5,2)=7.5274522682e-001; w1(5,3)=1.6980727821e-001; w1(5,4)=2.1054075142e-001; 
w10(6,1)=5.3336265416e-002; w1(6,1)=-5.5869167731e-001; w1(6,2)=4.3084524623e-001; w1(6,3)=4.1426368958e-001; w1(6,4)=1.1221665199e+000; 
w10(7,1)=-1.7689933939e-002; w1(7,1)=-3.9721214725e-001; w1(7,2)=3.1435752404e-001; w1(7,3)=-7.3725405138e-001; w1(7,4)=6.2685261533e-001; 
w10(8,1)=-3.8545921810e-001; w1(8,1)=1.2273108124e-001; w1(8,2)=1.0099245254e+000; w1(8,3)=4.2445437847e-001; w1(8,4)=6.0015602691e-001; 
w20=-5.1830180353e-002; w2(1)=6.2657459244e-002; w2(2)=-5.5525095796e-001; w2(3)=-2.8822621201e-001; w2(4)=-2.0125737172e-001; w2(5)=9.9349803253e-002; w2(6)=6.1940156897e-003; w2(7)=-2.0516480969e-001; w2(8)=-1.8465903618e-001; 

