
%liczba neuronów ukrytych: 4, liczba wejœæ sieci: 4
%wejœcie 1: u(k-5)
%wejœcie 2: u(k-6)
%wejœcie 3: y(k-1)
%wejœcie 4: y(k-2)
%uczenie w trybie ARX
w10(1,1)=1.3567719668e-001; w1(1,1)=4.1091854875e-001; w1(1,2)=5.7830612727e-001; w1(1,3)=6.2797014536e-001; w1(1,4)=-2.0181908065e-001; 
w10(2,1)=4.8645294537e-001; w1(2,1)=-4.7718642017e-002; w1(2,2)=2.8248725335e-001; w1(2,3)=-3.0140914743e-001; w1(2,4)=-8.9140463632e-002; 
w10(3,1)=1.9741339445e-001; w1(3,1)=3.5676221812e-001; w1(3,2)=5.4252727983e-001; w1(3,3)=3.5924746912e-001; w1(3,4)=6.1626978226e-001; 
w10(4,1)=2.8528479832e-001; w1(4,1)=-1.6867586207e-001; w1(4,2)=3.1790544939e-001; w1(4,3)=1.3580770931e+000; w1(4,4)=-2.6628731545e-001; 
w20=2.0685331657e-001; w2(1)=2.2971847434e-001; w2(2)=-8.7941744582e-001; w2(3)=-1.0305944542e-001; w2(4)=6.5261618089e-001; 

