
%liczba neuronów ukrytych: 10, liczba wejœæ sieci: 5
%wejœcie 1: u(k-5)
%wejœcie 2: u(k-6)
%wejœcie 3: u(k-7)
%wejœcie 4: y(k-1)
%wejœcie 5: y(k-2)
%uczenie w trybie OE
w10(1,1)=-6.1490948849e-002; w1(1,1)=5.4148915090e-001; w1(1,2)=3.3857988694e-001; w1(1,3)=1.8725714148e-001; w1(1,4)=6.7330653528e-002; w1(1,5)=-2.3092309980e-001; 
w10(2,1)=2.1575566300e-001; w1(2,1)=3.5306224779e-001; w1(2,2)=-8.9439741354e-003; w1(2,3)=-1.8133806956e-001; w1(2,4)=6.3239554162e-002; w1(2,5)=-1.4831248962e+000; 
w10(3,1)=-3.4956276227e-001; w1(3,1)=-1.0313519851e+000; w1(3,2)=-5.6179961869e-001; w1(3,3)=-1.2536108294e-001; w1(3,4)=-7.3918328032e-001; w1(3,5)=5.9248815088e-001; 
w10(4,1)=7.7082940848e-002; w1(4,1)=-2.5933547176e-002; w1(4,2)=4.5612682091e-001; w1(4,3)=6.0368220429e-001; w1(4,4)=1.6930917639e-001; w1(4,5)=1.0032727520e+000; 
w10(5,1)=6.6872623057e-001; w1(5,1)=3.5597900792e-001; w1(5,2)=3.8112574654e-001; w1(5,3)=5.7411038687e-001; w1(5,4)=2.4864177462e-002; w1(5,5)=-3.8146779702e-001; 
w10(6,1)=-9.2728567766e-001; w1(6,1)=6.0348601954e-002; w1(6,2)=-1.9017497633e-001; w1(6,3)=-5.0034937710e-001; w1(6,4)=4.1347431521e-002; w1(6,5)=-5.8277051477e-001; 
w10(7,1)=6.6440615220e-001; w1(7,1)=3.0452039508e-001; w1(7,2)=2.2665293407e-001; w1(7,3)=5.9943018659e-002; w1(7,4)=2.6175455976e-001; w1(7,5)=-6.6419666138e-002; 
w10(8,1)=4.0751255563e-001; w1(8,1)=-1.2065934125e-002; w1(8,2)=-2.8414088937e-002; w1(8,3)=1.7148675813e-001; w1(8,4)=3.9286509827e-001; w1(8,5)=8.0716663173e-001; 
w10(9,1)=-8.2068910965e-002; w1(9,1)=3.2517484081e-001; w1(9,2)=1.0860239188e-001; w1(9,3)=-1.7982515121e-001; w1(9,4)=1.1731652867e-001; w1(9,5)=-6.1530580879e-001; 
w10(10,1)=1.5290622732e-001; w1(10,1)=2.9872424641e-001; w1(10,2)=7.7267506503e-001; w1(10,3)=1.6029980576e+000; w1(10,4)=-8.3299735241e-001; w1(10,5)=4.0390917729e-001; 
w20=-2.5163823414e-001; w2(1)=-1.6203659391e-001; w2(2)=-2.8137253263e-001; w2(3)=-9.6433934954e-002; w2(4)=1.1912062117e-002; w2(5)=-2.3798077732e-001; w2(6)=-3.4369142816e-001; w2(7)=1.4941299596e-002; w2(8)=4.1505185114e-001; w2(9)=3.0688419452e-001; w2(10)=8.4548712450e-002; 

