
%liczba neuronów ukrytych: 4, liczba wejœæ sieci: 4
%wejœcie 1: u(k-5)
%wejœcie 2: u(k-6)
%wejœcie 3: y(k-1)
%wejœcie 4: y(k-2)
%uczenie w trybie OE
w10(1,1)=2.3249571438e-002; w1(1,1)=-1.5533140605e-001; w1(1,2)=-2.7845278752e-001; w1(1,3)=-3.8026877274e-002; w1(1,4)=-7.1034842964e-002; 
w10(2,1)=-1.5335282363e-002; w1(2,1)=8.0991313690e-002; w1(2,2)=1.3048164294e-001; w1(2,3)=-7.3735011361e-003; w1(2,4)=2.3939431228e-001; 
w10(3,1)=-9.4236830502e-002; w1(3,1)=-5.1056598336e-002; w1(3,2)=-1.3625581266e-002; w1(3,3)=-1.8279912661e-002; w1(3,4)=1.2224652609e-001; 
w10(4,1)=2.9558658145e-002; w1(4,1)=5.0887488890e-002; w1(4,2)=1.8432757377e-001; w1(4,3)=1.1729880289e-001; w1(4,4)=2.7269860191e-001; 
w20=-3.3560697552e-002; w2(1)=-3.7451815954e-001; w2(2)=4.2640795142e-001; w2(3)=2.5464537817e-001; w2(4)=4.7311368172e-001; 

