
%liczba neuronów ukrytych: 7, liczba wejœæ sieci: 4
%wejœcie 1: u(k-5)
%wejœcie 2: u(k-6)
%wejœcie 3: y(k-1)
%wejœcie 4: y(k-2)
%uczenie w trybie OE
w10(1,1)=1.1104549266e-001; w1(1,1)=-2.6733379485e-001; w1(1,2)=-1.0744992002e+000; w1(1,3)=9.3777807446e-001; w1(1,4)=1.0248410868e-001; 
w10(2,1)=1.5297775789e-001; w1(2,1)=3.2537476697e-001; w1(2,2)=-2.4449580295e-001; w1(2,3)=-7.8667293490e-002; w1(2,4)=-6.0684289783e-001; 
w10(3,1)=3.5573088681e-001; w1(3,1)=-6.1580210091e-001; w1(3,2)=1.1743412873e-001; w1(3,3)=-5.9111293632e-001; w1(3,4)=4.9717652335e-001; 
w10(4,1)=-8.3260307443e-002; w1(4,1)=-5.0935033301e-001; w1(4,2)=5.0615686721e-001; w1(4,3)=-7.1812405145e-001; w1(4,4)=6.6503239582e-001; 
w10(5,1)=5.0250531473e-002; w1(5,1)=1.3096724834e+000; w1(5,2)=1.8620827493e+000; w1(5,3)=-4.5598427819e-001; w1(5,4)=-2.5541713939e-001; 
w10(6,1)=-4.5977203439e-001; w1(6,1)=2.8275125470e-001; w1(6,2)=-5.4577310575e-001; w1(6,3)=-7.0399365872e-001; w1(6,4)=-7.6510846518e-001; 
w10(7,1)=2.8300505937e-001; w1(7,1)=1.0993982008e+000; w1(7,2)=-1.1274076308e-001; w1(7,3)=-2.9920980031e-001; w1(7,4)=-1.5122704446e+000; 
w20=-1.1983666940e-001; w2(1)=-3.8835644036e-002; w2(2)=-4.8574534059e-001; w2(3)=7.0682021382e-002; w2(4)=-3.7494196904e-001; w2(5)=5.3382575526e-002; w2(6)=-3.7667550959e-001; w2(7)=-7.5963417207e-002; 

