
%liczba neuronów ukrytych: 2, liczba wejœæ sieci: 5
%wejœcie 1: u(k-5)
%wejœcie 2: u(k-6)
%wejœcie 3: u(k-7)
%wejœcie 4: y(k-1)
%wejœcie 5: y(k-2)
%uczenie w trybie OE
w10(1,1)=-2.3347327773e-001; w1(1,1)=6.5017493893e-002; w1(1,2)=-2.8077881452e-001; w1(1,3)=-4.5294971875e-001; w1(1,4)=-1.9404653375e+000; w1(1,5)=1.4096288353e+000; 
w10(2,1)=5.2604413117e-001; w1(2,1)=-4.1405020866e-002; w1(2,2)=2.1087184490e-001; w1(2,3)=1.3472840926e-001; w1(2,4)=6.6416765601e-001; w1(2,5)=-1.0981056808e+000; 
w20=5.8609109587e-001; w2(1)=-7.4697065053e-001; w2(2)=-1.5703769266e+000; 

