
%liczba neuronów ukrytych: 7, liczba wejœæ sieci: 5
%wejœcie 1: u(k-5)
%wejœcie 2: u(k-6)
%wejœcie 3: u(k-7)
%wejœcie 4: y(k-1)
%wejœcie 5: y(k-2)
%uczenie w trybie OE
w10(1,1)=-3.4093463316e-001; w1(1,1)=4.6670880640e-002; w1(1,2)=-1.3629872727e-001; w1(1,3)=-6.2424572691e-001; w1(1,4)=-7.3702978285e-002; w1(1,5)=-8.4688359858e-001; 
w10(2,1)=3.4089613650e-001; w1(2,1)=2.0510455933e-001; w1(2,2)=8.7380704885e-002; w1(2,3)=2.3470034813e-001; w1(2,4)=-3.4970003091e-002; w1(2,5)=-8.4776869293e-001; 
w10(3,1)=-4.7935589657e-001; w1(3,1)=-1.7909765218e-001; w1(3,2)=-2.3107370451e-002; w1(3,3)=5.3981868007e-001; w1(3,4)=-9.2511074367e-001; w1(3,5)=-7.2328820492e-002; 
w10(4,1)=-1.1688056198e+000; w1(4,1)=1.5815858528e-001; w1(4,2)=-2.6397656945e-001; w1(4,3)=-1.7001833813e+000; w1(4,4)=5.9692313882e-001; w1(4,5)=-1.3579286410e+000; 
w10(5,1)=-1.8944509735e-001; w1(5,1)=-5.8606110362e-001; w1(5,2)=-4.6514615576e-001; w1(5,3)=-2.0788297123e-001; w1(5,4)=1.4797067408e-001; w1(5,5)=9.7631731488e-001; 
w10(6,1)=-2.8065380973e-001; w1(6,1)=3.0398662552e-001; w1(6,2)=1.4415673471e-001; w1(6,3)=1.2415493695e-001; w1(6,4)=4.6846831900e-001; w1(6,5)=-2.8026498238e-001; 
w10(7,1)=6.7117540754e-001; w1(7,1)=8.9457015448e-001; w1(7,2)=6.8682754083e-001; w1(7,3)=1.1399229259e-001; w1(7,4)=2.5373894049e-002; w1(7,5)=-1.3333534437e+000; 
w20=-7.4487173518e-002; w2(1)=-5.4014301423e-001; w2(2)=-5.7591728946e-001; w2(3)=-2.0304113572e-001; w2(4)=1.6850397161e-002; w2(5)=-2.9952019327e-001; w2(6)=-1.1738883965e-001; w2(7)=-1.3514023471e-001; 

