
%liczba neuronów ukrytych: 6, liczba wejœæ sieci: 5
%wejœcie 1: u(k-5)
%wejœcie 2: u(k-6)
%wejœcie 3: u(k-7)
%wejœcie 4: y(k-1)
%wejœcie 5: y(k-2)
%uczenie w trybie OE
w10(1,1)=9.3335531768e-002; w1(1,1)=-2.9451096266e-002; w1(1,2)=2.6878845486e-001; w1(1,3)=7.1234702749e-001; w1(1,4)=6.3872828937e-002; w1(1,5)=-8.3523661821e-001; 
w10(2,1)=4.7130505277e-001; w1(2,1)=-3.7847652985e-001; w1(2,2)=3.3621509547e-002; w1(2,3)=9.9625423655e-001; w1(2,4)=-1.6310574731e-001; w1(2,5)=1.0208712322e+000; 
w10(3,1)=2.0619709429e-002; w1(3,1)=6.0495289761e-001; w1(3,2)=6.0840813535e-002; w1(3,3)=-8.6862149597e-001; w1(3,4)=-2.3650383978e-001; w1(3,5)=-1.1751797496e+000; 
w10(4,1)=-2.6108950779e-001; w1(4,1)=1.5252140299e-004; w1(4,2)=-3.3480069444e-001; w1(4,3)=-3.3312394093e-001; w1(4,4)=7.2542178464e-002; w1(4,5)=7.3976768109e-001; 
w10(5,1)=9.8198794993e-002; w1(5,1)=-5.2249882678e-001; w1(5,2)=6.0168020792e-002; w1(5,3)=1.6377906659e+000; w1(5,4)=-9.1411753714e-001; w1(5,5)=5.1199963010e-001; 
w10(6,1)=1.5148844508e-002; w1(6,1)=1.9655885064e-001; w1(6,2)=8.1779405667e-001; w1(6,3)=7.3005935365e-001; w1(6,4)=-1.1853460848e-001; w1(6,5)=-4.6804988097e-001; 
w20=-3.6780791468e-002; w2(1)=3.3953080904e-001; w2(2)=4.7305894604e-001; w2(3)=-1.9383128141e-001; w2(4)=6.5206812132e-001; w2(5)=-3.6247723344e-001; w2(6)=2.1009007847e-001; 

