
%liczba neuronów ukrytych: 2, liczba wejœæ sieci: 4
%wejœcie 1: u(k-5)
%wejœcie 2: u(k-6)
%wejœcie 3: y(k-1)
%wejœcie 4: y(k-2)
%uczenie w trybie OE
w10(1,1)=3.3925359407e-001; w1(1,1)=6.3911846178e-002; w1(1,2)=-1.0421320861e-001; w1(1,3)=1.8066162651e+000; w1(1,4)=-2.2290372068e-001; 
w10(2,1)=2.1990270827e-001; w1(2,1)=1.0611303615e+000; w1(2,2)=-3.1461702239e+000; w1(2,3)=-6.1216413700e-001; w1(2,4)=1.9692143366e+000; 
w20=-2.0336272968e-001; w2(1)=6.6131183333e-001; w2(2)=-5.9611003816e-002; 

