
%liczba neuronów ukrytych: 7, liczba wejœæ sieci: 4
%wejœcie 1: u(k-5)
%wejœcie 2: u(k-6)
%wejœcie 3: y(k-1)
%wejœcie 4: y(k-2)
%uczenie w trybie OE
w10(1,1)=6.1426917051e-002; w1(1,1)=9.2636731866e-001; w1(1,2)=1.5291496887e-001; w1(1,3)=3.3344266563e-001; w1(1,4)=-6.2801963986e-001; 
w10(2,1)=-1.8338987322e-001; w1(2,1)=1.8382685092e-001; w1(2,2)=-7.9066381558e-001; w1(2,3)=1.0040427312e+000; w1(2,4)=1.1580083969e-001; 
w10(3,1)=3.1626759097e-002; w1(3,1)=-3.3027325747e-001; w1(3,2)=-1.2150932469e+000; w1(3,3)=1.0448403566e-001; w1(3,4)=3.6178991574e-001; 
w10(4,1)=2.7917902424e-002; w1(4,1)=3.2394701223e-001; w1(4,2)=-1.6237493361e+000; w1(4,3)=7.7860644855e-001; w1(4,4)=-8.7384311997e-001; 
w10(5,1)=-7.7412565692e-002; w1(5,1)=-5.1710007515e-001; w1(5,2)=-5.7268364982e-001; w1(5,3)=1.8788359672e-001; w1(5,4)=2.3465166655e-001; 
w10(6,1)=-3.5219064466e-001; w1(6,1)=6.7254349782e-001; w1(6,2)=-1.0839769758e+000; w1(6,3)=1.0405488412e-001; w1(6,4)=-1.4724663433e+000; 
w10(7,1)=-4.5156878130e-002; w1(7,1)=-8.9034974897e-002; w1(7,2)=-4.4232947130e-001; w1(7,3)=-7.4317018451e-002; w1(7,4)=-4.2622431660e-001; 
w20=-9.2600344017e-002; w2(1)=-1.5040951925e-001; w2(2)=3.9545543772e-001; w2(3)=-3.7192314044e-001; w2(4)=2.1914792463e-001; w2(5)=-9.2124789718e-002; w2(6)=-5.2060397204e-001; w2(7)=6.8083924416e-002; 

