
%liczba neuronów ukrytych: 1, liczba wejœæ sieci: 5
%wejœcie 1: u(k-5)
%wejœcie 2: u(k-6)
%wejœcie 3: u(k-7)
%wejœcie 4: y(k-1)
%wejœcie 5: y(k-2)
%uczenie w trybie OE
w10(1,1)=2.9796582546e-001; w1(1,1)=-2.8412281543e-002; w1(1,2)=4.9608591612e-002; w1(1,3)=1.1027079587e-001; w1(1,4)=8.3950243788e-001; w1(1,5)=4.6173275958e-001; 
w20=-2.0897647383e-001; w2(1)=7.2754705600e-001; 

