
%liczba neuronów ukrytych: 7, liczba wejœæ sieci: 4
%wejœcie 1: u(k-5)
%wejœcie 2: u(k-6)
%wejœcie 3: y(k-1)
%wejœcie 4: y(k-2)
%uczenie w trybie OE
w10(1,1)=3.5567175290e-001; w1(1,1)=-1.2033824324e-001; w1(1,2)=3.0408245626e-001; w1(1,3)=6.3487603124e-001; w1(1,4)=5.1852060453e-001; 
w10(2,1)=3.4182013246e-001; w1(2,1)=9.1177184435e-001; w1(2,2)=1.6557707049e+000; w1(2,3)=-2.8710916804e-001; w1(2,4)=2.7860609292e-001; 
w10(3,1)=2.0193230193e-001; w1(3,1)=-9.4691831339e-001; w1(3,2)=-9.3416343834e-001; w1(3,3)=3.9052652964e-001; w1(3,4)=8.6225083770e-001; 
w10(4,1)=4.6233872605e-001; w1(4,1)=6.6771784113e-001; w1(4,2)=1.5695391560e-001; w1(4,3)=-3.1081215340e-001; w1(4,4)=-8.7521899040e-001; 
w10(5,1)=-1.4408358853e-001; w1(5,1)=-8.1179129847e-001; w1(5,2)=-2.0493561202e-001; w1(5,3)=-3.1885813010e-001; w1(5,4)=7.3630154886e-001; 
w10(6,1)=2.1997187175e-001; w1(6,1)=1.3976594374e-001; w1(6,2)=6.1228423224e-002; w1(6,3)=-4.2425298060e-001; w1(6,4)=-7.8410024880e-001; 
w10(7,1)=4.2711412448e-001; w1(7,1)=8.9922281494e-001; w1(7,2)=6.3263564260e-001; w1(7,3)=3.1046306216e-002; w1(7,4)=8.1214193728e-002; 
w20=-9.5013911842e-002; w2(1)=5.4348603643e-001; w2(2)=6.1684576444e-002; w2(3)=-7.7124542309e-003; w2(4)=-1.8089579708e-001; w2(5)=-6.1933852909e-002; w2(6)=-1.5305246364e-001; w2(7)=-1.4986203152e-002; 

