
%liczba neuronów ukrytych: 3, liczba wejœæ sieci: 5
%wejœcie 1: u(k-5)
%wejœcie 2: u(k-6)
%wejœcie 3: u(k-7)
%wejœcie 4: y(k-1)
%wejœcie 5: y(k-2)
%uczenie w trybie OE
w10(1,1)=4.5100940173e-001; w1(1,1)=2.1655526733e-001; w1(1,2)=-4.9249653571e-001; w1(1,3)=8.5577638124e-001; w1(1,4)=-6.0970521467e-002; w1(1,5)=-9.3928914614e-001; 
w10(2,1)=-3.6507941883e-001; w1(2,1)=-3.0637343842e-002; w1(2,2)=3.8493437921e-001; w1(2,3)=-7.2005681818e-001; w1(2,4)=-2.9158739437e-001; w1(2,5)=-8.5291866461e-001; 
w10(3,1)=1.4836532866e-001; w1(3,1)=5.2841063343e-001; w1(3,2)=-1.7587537444e-002; w1(3,3)=2.1626131091e+000; w1(3,4)=-4.2468992380e-001; w1(3,5)=-2.0745523714e-001; 
w20=-2.4714947677e-002; w2(1)=-4.0626675244e-001; w2(2)=-5.2986631431e-001; w2(3)=8.0534832833e-002; 

