
%liczba neuronów ukrytych: 6, liczba wejœæ sieci: 4
%wejœcie 1: u(k-5)
%wejœcie 2: u(k-6)
%wejœcie 3: y(k-1)
%wejœcie 4: y(k-2)
%uczenie w trybie OE
w10(1,1)=-1.1126293524e-001; w1(1,1)=2.8293276689e-001; w1(1,2)=-4.3955442797e-001; w1(1,3)=-2.6220721580e-001; w1(1,4)=-7.0640437471e-001; 
w10(2,1)=-7.7183664280e-002; w1(2,1)=2.6673354774e-001; w1(2,2)=1.7204911296e+000; w1(2,3)=-7.6004991503e-001; w1(2,4)=3.5293750063e-001; 
w10(3,1)=-4.6718655274e-001; w1(3,1)=6.0681075327e-001; w1(3,2)=-1.0477146349e+000; w1(3,3)=-2.1354876219e-003; w1(3,4)=-1.0842420503e+000; 
w10(4,1)=-7.4016466345e-002; w1(4,1)=-3.9446019724e-001; w1(4,2)=1.0594839281e+000; w1(4,3)=-8.2949585853e-001; w1(4,4)=4.0225876323e-001; 
w10(5,1)=3.2129254990e-001; w1(5,1)=-6.7561742342e-002; w1(5,2)=-1.1312697167e+000; w1(5,3)=2.5846206364e-001; w1(5,4)=-3.7367431006e-001; 
w10(6,1)=-4.7318309158e-001; w1(6,1)=-1.8873965932e-001; w1(6,2)=9.5679300075e-001; w1(6,3)=-5.8219668683e-001; w1(6,4)=1.7116232715e-001; 
w20=-5.8102292281e-002; w2(1)=-7.3600030464e-001; w2(2)=2.1445174484e-001; w2(3)=-1.9043425194e-001; w2(4)=-6.2924595017e-001; w2(5)=3.4607949995e-001; w2(6)=5.5300587983e-001; 

