
%liczba neuronów ukrytych: 6, liczba wejœæ sieci: 5
%wejœcie 1: u(k-5)
%wejœcie 2: u(k-6)
%wejœcie 3: u(k-7)
%wejœcie 4: y(k-1)
%wejœcie 5: y(k-2)
%uczenie w trybie OE
w10(1,1)=-9.7023662858e-002; w1(1,1)=3.6121303431e-001; w1(1,2)=-6.9443813786e-002; w1(1,3)=-7.0355678599e-001; w1(1,4)=-2.0942948489e-001; w1(1,5)=-1.1848345190e+000; 
w10(2,1)=-1.0922074336e-001; w1(2,1)=4.8697488680e-001; w1(2,2)=-1.4709757222e-001; w1(2,3)=-9.7850229670e-001; w1(2,4)=-4.3514484705e-002; w1(2,5)=3.1600279256e-001; 
w10(3,1)=-4.7202955690e-002; w1(3,1)=-3.3664843676e-001; w1(3,2)=-4.0477400268e-001; w1(3,3)=-1.0171640969e+000; w1(3,4)=3.6762881498e-001; w1(3,5)=2.3877088731e-002; 
w10(4,1)=-5.3156705335e-001; w1(4,1)=9.1129734980e-001; w1(4,2)=3.8838111653e-001; w1(4,3)=-1.1591645096e+000; w1(4,4)=2.2992519454e-001; w1(4,5)=-1.2342833246e+000; 
w10(5,1)=-1.0570664434e+000; w1(5,1)=5.6970218572e-001; w1(5,2)=-1.0738658042e-001; w1(5,3)=-7.6458257412e-001; w1(5,4)=-3.5950064430e-001; w1(5,5)=-7.7441092298e-001; 
w10(6,1)=-2.5307892443e-001; w1(6,1)=-8.7850681427e-001; w1(6,2)=-3.8504625326e-001; w1(6,3)=7.1741368308e-001; w1(6,4)=-1.1519616044e-001; w1(6,5)=1.0479329071e+000; 
w20=-2.0438960565e-001; w2(1)=-4.1720763001e-001; w2(2)=4.1526250165e-001; w2(3)=-1.6815031384e-001; w2(4)=3.1296758594e-001; w2(5)=-5.3000787357e-001; w2(6)=2.5274310349e-001; 

