
%liczba neuronów ukrytych: 2, liczba wejœæ sieci: 4
%wejœcie 1: u(k-5)
%wejœcie 2: u(k-6)
%wejœcie 3: y(k-1)
%wejœcie 4: y(k-2)
%uczenie w trybie OE
w10(1,1)=1.6806295595e-001; w1(1,1)=-5.5854518000e-001; w1(1,2)=7.6983957165e-001; w1(1,3)=7.5770454673e-001; w1(1,4)=-1.3327657511e-001; 
w10(2,1)=-1.4719178565e-001; w1(2,1)=1.4344931354e+000; w1(2,2)=-1.8343445352e+000; w1(2,3)=1.0610077429e+000; w1(2,4)=-5.3074154651e-001; 
w20=-1.1408172492e-001; w2(1)=1.1437941183e+000; w2(2)=5.2109453665e-001; 

