
%liczba neuronów ukrytych: 10, liczba wejœæ sieci: 5
%wejœcie 1: u(k-5)
%wejœcie 2: u(k-6)
%wejœcie 3: u(k-7)
%wejœcie 4: y(k-1)
%wejœcie 5: y(k-2)
%uczenie w trybie OE
w10(1,1)=4.8627827289e-001; w1(1,1)=3.1364450479e-001; w1(1,2)=2.7847334924e-001; w1(1,3)=-5.7109775604e-002; w1(1,4)=-2.3531921455e-001; w1(1,5)=-1.0505868349e+000; 
w10(2,1)=1.1895420484e-001; w1(2,1)=3.1966745170e-001; w1(2,2)=6.2460410894e-001; w1(2,3)=1.2304664501e+000; w1(2,4)=6.2085672036e-002; w1(2,5)=2.9693489103e-002; 
w10(3,1)=1.7893021275e-001; w1(3,1)=3.0395541239e-001; w1(3,2)=1.1350707817e-001; w1(3,3)=-2.0643041281e-001; w1(3,4)=-1.0689539303e-001; w1(3,5)=5.1993993554e-001; 
w10(4,1)=7.4602694745e-002; w1(4,1)=-4.8771484759e-001; w1(4,2)=-3.1876055106e-001; w1(4,3)=9.3687116503e-002; w1(4,4)=3.1903741730e-001; w1(4,5)=1.5997661427e-001; 
w10(5,1)=-2.0535958705e-001; w1(5,1)=-3.9587826336e-001; w1(5,2)=-2.1926453131e-001; w1(5,3)=1.5506216945e-001; w1(5,4)=1.1759050709e-001; w1(5,5)=-2.6516502038e-002; 
w10(6,1)=3.8817004118e-002; w1(6,1)=-3.7573569592e-001; w1(6,2)=-3.3544619191e-001; w1(6,3)=2.2113761893e-002; w1(6,4)=-4.8571499997e-003; w1(6,5)=4.8439062997e-001; 
w10(7,1)=-2.8990966110e-001; w1(7,1)=4.5891427064e-001; w1(7,2)=-5.1367030340e-003; w1(7,3)=-2.0781360263e-001; w1(7,4)=6.2014816328e-002; w1(7,5)=-3.1544835390e-001; 
w10(8,1)=-4.9747279211e-001; w1(8,1)=1.5388943499e-001; w1(8,2)=-8.9917230940e-002; w1(8,3)=-4.7257184232e-001; w1(8,4)=-1.9316229815e-001; w1(8,5)=-1.0057983888e+000; 
w10(9,1)=1.8402171515e-001; w1(9,1)=-9.7532747758e-002; w1(9,2)=1.6823933652e-001; w1(9,3)=6.2751928029e-001; w1(9,4)=5.0175193550e-002; w1(9,5)=1.0300592191e-001; 
w10(10,1)=-5.8621557912e-001; w1(10,1)=1.7574664620e-001; w1(10,2)=-4.0346166441e-001; w1(10,3)=-1.5338991734e+000; w1(10,4)=-2.4371723139e-001; w1(10,5)=-1.1060222299e+000; 
w20=-1.4383874840e-001; w2(1)=-2.8185488144e-001; w2(2)=1.2279879750e-001; w2(3)=3.3230015526e-001; w2(4)=-1.6864387905e-001; w2(5)=9.0387106078e-002; w2(6)=5.7313149132e-002; w2(7)=-2.4396514421e-001; w2(8)=-4.2791012247e-001; w2(9)=-1.9805461307e-001; w2(10)=5.1635277371e-003; 

