
%liczba neuronów ukrytych: 8, liczba wejœæ sieci: 4
%wejœcie 1: u(k-5)
%wejœcie 2: u(k-6)
%wejœcie 3: y(k-1)
%wejœcie 4: y(k-2)
%uczenie w trybie OE
w10(1,1)=-1.2063777639e-001; w1(1,1)=-4.5609852825e-001; w1(1,2)=-7.0818837806e-003; w1(1,3)=-7.0184920748e-001; w1(1,4)=-4.5421234411e-002; 
w10(2,1)=-3.5947483192e-001; w1(2,1)=-3.7068985341e-001; w1(2,2)=-7.5079411363e-002; w1(2,3)=2.1175576566e-001; w1(2,4)=7.8266368766e-001; 
w10(3,1)=-2.7044376086e-001; w1(3,1)=1.6884597775e-002; w1(3,2)=1.9791685277e-001; w1(3,3)=1.3653252083e-001; w1(3,4)=2.2059059406e-001; 
w10(4,1)=3.4149601805e-001; w1(4,1)=-2.2608373353e-001; w1(4,2)=4.7774077661e-001; w1(4,3)=4.7004605203e-001; w1(4,4)=7.9076691858e-001; 
w10(5,1)=-5.9758158243e-002; w1(5,1)=-6.8510727785e-001; w1(5,2)=-6.9311668300e-001; w1(5,3)=-3.2418120637e-001; w1(5,4)=-3.5549755280e-001; 
w10(6,1)=-2.9440679170e-001; w1(6,1)=1.2493130427e+000; w1(6,2)=1.6986205455e+000; w1(6,3)=2.7019215515e-002; w1(6,4)=4.5444924461e-001; 
w10(7,1)=-5.1316287661e-002; w1(7,1)=7.9385924747e-001; w1(7,2)=-7.8986799321e-001; w1(7,3)=5.7482804857e-002; w1(7,4)=-1.3761747495e+000; 
w10(8,1)=1.3147132094e-001; w1(8,1)=1.1899404569e+000; w1(8,2)=1.0296207805e+000; w1(8,3)=5.7305729350e-002; w1(8,4)=-1.9822853177e-001; 
w20=-1.3025310189e-001; w2(1)=-1.0331565957e-001; w2(2)=3.1643945796e-001; w2(3)=-1.0860116403e-001; w2(4)=6.1909462067e-001; w2(5)=1.4402489319e-001; w2(6)=2.7946409175e-002; w2(7)=6.2757374082e-002; w2(8)=1.1344765692e-001; 

