
%liczba neuronów ukrytych: 5, liczba wejœæ sieci: 4
%wejœcie 1: u(k-5)
%wejœcie 2: u(k-6)
%wejœcie 3: y(k-1)
%wejœcie 4: y(k-2)
%uczenie w trybie OE
w10(1,1)=-8.0434448463e-002; w1(1,1)=-7.1557095304e-002; w1(1,2)=-1.5869902132e-001; w1(1,3)=9.5462027048e-002; w1(1,4)=1.0165574417e+000; 
w10(2,1)=3.5729590651e-002; w1(2,1)=-1.7833432008e+000; w1(2,2)=-1.9152440284e+000; w1(2,3)=7.2284114425e-001; w1(2,4)=6.0220579531e-001; 
w10(3,1)=5.2933227081e-001; w1(3,1)=-1.1999699864e+000; w1(3,2)=-1.0197254741e-001; w1(3,3)=5.1339186447e-001; w1(3,4)=1.3948348843e+000; 
w10(4,1)=-8.6244729765e-002; w1(4,1)=7.3171776431e-001; w1(4,2)=4.5614229202e-002; w1(4,3)=-5.7630120071e-001; w1(4,4)=-1.4939211551e-001; 
w10(5,1)=3.9740662440e-001; w1(5,1)=-1.5966393286e-002; w1(5,2)=2.9949588296e-001; w1(5,3)=1.1525074293e+000; w1(5,4)=6.1544888057e-002; 
w20=-1.7386719785e-001; w2(1)=2.4442632396e-001; w2(2)=-4.6327808228e-002; w2(3)=-6.8159553619e-002; w2(4)=-2.0643530050e-001; w2(5)=5.5785612214e-001; 

