
%liczba neuronów ukrytych: 6, liczba wejœæ sieci: 4
%wejœcie 1: u(k-5)
%wejœcie 2: u(k-6)
%wejœcie 3: y(k-1)
%wejœcie 4: y(k-2)
%uczenie w trybie OE
w10(1,1)=2.5725865082e-001; w1(1,1)=7.1366361079e-001; w1(1,2)=-6.9328972660e-001; w1(1,3)=4.6877109857e-001; w1(1,4)=-9.1014039113e-001; 
w10(2,1)=6.0636147652e-001; w1(2,1)=4.8885607713e-002; w1(2,2)=5.5222386703e-001; w1(2,3)=2.1629678436e-001; w1(2,4)=6.3761667220e-001; 
w10(3,1)=-1.6674727035e-001; w1(3,1)=1.8393705069e-001; w1(3,2)=-1.3834989708e-001; w1(3,3)=-4.4348908943e-002; w1(3,4)=-8.0954792461e-002; 
w10(4,1)=2.8416139433e-001; w1(4,1)=-4.0805030372e-003; w1(4,2)=3.6881122695e-001; w1(4,3)=-6.4859528520e-001; w1(4,4)=-4.5563980341e-002; 
w10(5,1)=2.5781998896e-001; w1(5,1)=-3.1544179613e-001; w1(5,2)=6.1298376464e-001; w1(5,3)=7.2411280255e-001; w1(5,4)=4.6244911514e-001; 
w10(6,1)=1.3917000191e-001; w1(6,1)=-7.0752065475e-001; w1(6,2)=-1.6880844647e+000; w1(6,3)=6.5578105396e-001; w1(6,4)=4.4616291363e-001; 
w20=-7.6441200399e-002; w2(1)=6.9083619389e-002; w2(2)=1.5045858418e-001; w2(3)=-2.4875136585e-001; w2(4)=-5.8369826909e-001; w2(5)=4.2360024713e-001; w2(6)=-6.1602749130e-002; 

