
%liczba neuronów ukrytych: 4, liczba wejœæ sieci: 4
%wejœcie 1: u(k-5)
%wejœcie 2: u(k-6)
%wejœcie 3: y(k-1)
%wejœcie 4: y(k-2)
%uczenie w trybie OE
w10(1,1)=-5.0516483806e-001; w1(1,1)=-4.0669378301e-001; w1(1,2)=-5.1717988830e-001; w1(1,3)=2.6579994214e-002; w1(1,4)=7.5553752565e-001; 
w10(2,1)=-2.9025874145e-001; w1(2,1)=-3.7514877944e-001; w1(2,2)=-7.4480723545e-001; w1(2,3)=-1.2194398626e-001; w1(2,4)=2.4186671789e-001; 
w10(3,1)=-1.2783497437e-001; w1(3,1)=1.1193474699e-001; w1(3,2)=-2.5635487718e-002; w1(3,3)=-1.3105300446e+000; w1(3,4)=3.5240498000e-002; 
w10(4,1)=-5.1973025165e-001; w1(4,1)=5.5747220479e-001; w1(4,2)=-8.7600182820e-001; w1(4,3)=-1.2029530804e-001; w1(4,4)=-1.4998087019e+000; 
w20=-6.2540781933e-002; w2(1)=3.0187703624e-001; w2(2)=-3.1596852032e-001; w2(3)=-4.8567028503e-001; w2(4)=-1.1044305341e-001; 

