
%liczba neuronów ukrytych: 4, liczba wejœæ sieci: 4
%wejœcie 1: u(k-5)
%wejœcie 2: u(k-6)
%wejœcie 3: y(k-1)
%wejœcie 4: y(k-2)
%uczenie w trybie OE
w10(1,1)=-5.6410737451e-002; w1(1,1)=-2.9592938766e-001; w1(1,2)=-3.9180000350e-001; w1(1,3)=-5.4299480746e-002; w1(1,4)=-1.2637325408e-001; 
w10(2,1)=-5.8830502299e-002; w1(2,1)=2.0927757470e-001; w1(2,2)=1.7558225437e-001; w1(2,3)=8.3812863035e-002; w1(2,4)=-4.0765401453e-004; 
w10(3,1)=-5.3808741720e-002; w1(3,1)=4.0598843124e-003; w1(3,2)=-3.6518119706e-002; w1(3,3)=-4.7791192844e-002; w1(3,4)=-7.9478109690e-003; 
w10(4,1)=-8.2670237999e-002; w1(4,1)=1.5998641736e-002; w1(4,2)=1.8407895196e-001; w1(4,3)=5.5401634639e-002; w1(4,4)=2.3272706769e-001; 
w20=-5.8147685365e-002; w2(1)=-4.3309990587e-001; w2(2)=1.1677838095e-001; w2(3)=-8.6422794077e-003; w2(4)=4.2573489630e-001; 

