
%liczba neuronów ukrytych: 5, liczba wejœæ sieci: 4
%wejœcie 1: u(k-5)
%wejœcie 2: u(k-6)
%wejœcie 3: y(k-1)
%wejœcie 4: y(k-2)
%uczenie w trybie OE
w10(1,1)=4.9216604773e-001; w1(1,1)=3.2076042343e-001; w1(1,2)=-1.7454740027e-001; w1(1,3)=6.4631068735e-001; w1(1,4)=-5.5996315910e-002; 
w10(2,1)=-3.9708632616e-002; w1(2,1)=-9.1583566529e-001; w1(2,2)=-4.9278246280e-001; w1(2,3)=-1.0142410322e-002; w1(2,4)=-2.2086799626e-001; 
w10(3,1)=-1.0757925984e-002; w1(3,1)=-8.5287839662e-001; w1(3,2)=-1.2578378081e+000; w1(3,3)=4.0107279887e-001; w1(3,4)=-1.6693997290e-001; 
w10(4,1)=-2.5938398715e-001; w1(4,1)=3.5408421030e-001; w1(4,2)=-9.0686705430e-001; w1(4,3)=-1.3159069172e-001; w1(4,4)=-1.1159134683e+000; 
w10(5,1)=2.7442455541e-001; w1(5,1)=2.9042789025e-001; w1(5,2)=2.1746756005e-001; w1(5,3)=-1.6867547201e-001; w1(5,4)=-5.5327867190e-001; 
w20=-3.3559601751e-001; w2(1)=7.3742090030e-001; w2(2)=4.0364268915e-001; w2(3)=-2.9194334029e-001; w2(4)=-3.6659353234e-001; w2(5)=-2.9995552670e-001; 

