
%liczba neuronów ukrytych: 8, liczba wejœæ sieci: 4
%wejœcie 1: u(k-5)
%wejœcie 2: u(k-6)
%wejœcie 3: y(k-1)
%wejœcie 4: y(k-2)
%uczenie w trybie OE
w10(1,1)=-1.1179718138e+000; w1(1,1)=-6.4941657398e-001; w1(1,2)=-1.7712626124e+000; w1(1,3)=-8.7210201633e-002; w1(1,4)=-6.8050163336e-001; 
w10(2,1)=2.2220166094e-001; w1(2,1)=2.4306249625e-001; w1(2,2)=-2.0977169972e-001; w1(2,3)=7.3324829584e-001; w1(2,4)=2.7931095029e-001; 
w10(3,1)=3.4799565114e-001; w1(3,1)=1.7776546743e+000; w1(3,2)=-2.4813494841e-001; w1(3,3)=-1.1706849389e-001; w1(3,4)=-1.5947024586e+000; 
w10(4,1)=-5.2557526050e-001; w1(4,1)=8.7240236911e-001; w1(4,2)=-3.1655599757e-003; w1(4,3)=1.1314162132e-001; w1(4,4)=-5.7829915300e-001; 
w10(5,1)=-5.4377716085e-001; w1(5,1)=-2.5226735151e-001; w1(5,2)=-1.1396378052e+000; w1(5,3)=-3.1362002671e-001; w1(5,4)=-5.2804386529e-001; 
w10(6,1)=2.9383448563e-001; w1(6,1)=2.6085330969e-001; w1(6,2)=3.3658787399e-001; w1(6,3)=-4.2297398712e-001; w1(6,4)=-1.8292113619e-001; 
w10(7,1)=-2.3701459858e-001; w1(7,1)=-1.4075955516e-001; w1(7,2)=1.7984636243e+000; w1(7,3)=-1.4661773016e+000; w1(7,4)=-2.2525511607e-001; 
w10(8,1)=5.5375262725e-001; w1(8,1)=-5.9867477188e-001; w1(8,2)=-8.0755762304e-001; w1(8,3)=-1.3144342381e-001; w1(8,4)=-3.1672611326e-001; 
w20=-1.6468586520e-001; w2(1)=6.1428379445e-002; w2(2)=6.9323231974e-001; w2(3)=-6.6506463257e-002; w2(4)=-1.3796863775e-001; w2(5)=-2.4882450113e-001; w2(6)=-2.4997827122e-001; w2(7)=1.5214675208e-001; w2(8)=5.1850400145e-003; 

