
%liczba neuronów ukrytych: 8, liczba wejœæ sieci: 5
%wejœcie 1: u(k-5)
%wejœcie 2: u(k-6)
%wejœcie 3: u(k-7)
%wejœcie 4: y(k-1)
%wejœcie 5: y(k-2)
%uczenie w trybie OE
w10(1,1)=-1.3029189253e-001; w1(1,1)=6.7194230599e-001; w1(1,2)=-1.0580408996e-002; w1(1,3)=-8.5814578770e-001; w1(1,4)=-5.0143533526e-001; w1(1,5)=-6.1780625651e-001; 
w10(2,1)=-1.1200376070e-001; w1(2,1)=-4.4566973891e-001; w1(2,2)=-6.9035995986e-001; w1(2,3)=-1.0553231327e+000; w1(2,4)=6.2615723951e-001; w1(2,5)=-1.2706792284e-001; 
w10(3,1)=6.1486780142e-001; w1(3,1)=3.9112716964e-001; w1(3,2)=3.6141694568e-001; w1(3,3)=-8.5429437394e-003; w1(3,4)=-2.4403391667e-001; w1(3,5)=-1.3537237693e+000; 
w10(4,1)=-1.2965685469e-001; w1(4,1)=-2.6546601845e-001; w1(4,2)=-3.9521367943e-001; w1(4,3)=-5.9028319175e-001; w1(4,4)=8.8975498276e-002; w1(4,5)=4.5521497418e-001; 
w10(5,1)=-4.0575946141e-002; w1(5,1)=-6.1459659754e-001; w1(5,2)=-1.6611984468e-001; w1(5,3)=9.6875826271e-001; w1(5,4)=-2.5399945766e-002; w1(5,5)=2.3774036729e-001; 
w10(6,1)=1.5991721906e-003; w1(6,1)=6.4201100784e-001; w1(6,2)=7.3054546531e-002; w1(6,3)=-1.0317697421e+000; w1(6,4)=-7.0768642236e-002; w1(6,5)=1.3796488452e-001; 
w10(7,1)=1.1458367952e-001; w1(7,1)=2.1600154904e-001; w1(7,2)=-5.0307351257e-002; w1(7,3)=-6.1475958155e-001; w1(7,4)=-3.0590435759e-001; w1(7,5)=9.5166919012e-002; 
w10(8,1)=-4.6160022754e-001; w1(8,1)=2.1236585667e-001; w1(8,2)=-1.6541356589e-001; w1(8,3)=-4.5605824673e-001; w1(8,4)=1.0575317251e-001; w1(8,5)=-1.1281201993e+000; 
w20=-1.1783137859e-001; w2(1)=-1.5109779503e-001; w2(2)=-1.5831651026e-001; w2(3)=-1.7163241683e-001; w2(4)=1.8880016983e-001; w2(5)=-5.2956987829e-002; w2(6)=2.1870859501e-001; w2(7)=-1.2266004172e-001; w2(8)=-4.8781792240e-001; 

