
%liczba neuronów ukrytych: 9, liczba wejœæ sieci: 4
%wejœcie 1: u(k-5)
%wejœcie 2: u(k-6)
%wejœcie 3: y(k-1)
%wejœcie 4: y(k-2)
%uczenie w trybie OE
w10(1,1)=1.5802421076e-001; w1(1,1)=-3.8582271507e-001; w1(1,2)=-3.3059123306e-001; w1(1,3)=-9.6967120124e-002; w1(1,4)=3.2032599434e-001; 
w10(2,1)=2.0564347354e-001; w1(2,1)=-4.7825538172e-001; w1(2,2)=1.0908509454e+000; w1(2,3)=1.7514968788e-001; w1(2,4)=1.3332950241e+000; 
w10(3,1)=6.0842971675e-001; w1(3,1)=-2.7813359497e-001; w1(3,2)=7.7691252886e-001; w1(3,3)=3.9560229034e-002; w1(3,4)=1.0230462911e+000; 
w10(4,1)=-2.6914956067e-001; w1(4,1)=2.1339952442e-001; w1(4,2)=7.2520668327e-001; w1(4,3)=-6.5943828268e-001; w1(4,4)=5.7377782868e-001; 
w10(5,1)=-4.2470528280e-001; w1(5,1)=4.2042070126e-001; w1(5,2)=-6.0342887511e-001; w1(5,3)=-2.4656473742e-002; w1(5,4)=-9.9394161628e-001; 
w10(6,1)=-4.8394215724e-002; w1(6,1)=4.5536838375e-001; w1(6,2)=1.0476962253e+000; w1(6,3)=-1.2494779817e-001; w1(6,4)=-4.2049003039e-001; 
w10(7,1)=8.5504248733e-002; w1(7,1)=2.5664287076e-001; w1(7,2)=6.4177740258e-003; w1(7,3)=3.8275975361e-001; w1(7,4)=2.5013519956e-001; 
w10(8,1)=1.6029463385e-001; w1(8,1)=2.0579327305e-001; w1(8,2)=-5.9941120107e-001; w1(8,3)=1.3784226354e-003; w1(8,4)=-1.1095000504e+000; 
w10(9,1)=-4.8316490070e-001; w1(9,1)=-2.1905229409e-001; w1(9,2)=-8.8102936487e-001; w1(9,3)=5.4854973463e-001; w1(9,4)=2.4229321775e-001; 
w20=-1.7557784120e-001; w2(1)=-3.0574809618e-001; w2(2)=4.3198151837e-002; w2(3)=2.0216398749e-001; w2(4)=-6.8430379604e-001; w2(5)=-2.7806533041e-001; w2(6)=3.2739809561e-001; w2(7)=1.4113610978e-001; w2(8)=-2.9779118943e-001; w2(9)=3.0142235789e-001; 

