
%liczba neuronów ukrytych: 1, liczba wejœæ sieci: 5
%wejœcie 1: u(k-5)
%wejœcie 2: u(k-6)
%wejœcie 3: u(k-7)
%wejœcie 4: y(k-1)
%wejœcie 5: y(k-2)
%uczenie w trybie OE
w10(1,1)=3.5860608893e-001; w1(1,1)=-1.1392292225e-001; w1(1,2)=1.4247824590e-001; w1(1,3)=2.1524935214e-001; w1(1,4)=-1.1942849835e-001; w1(1,5)=1.6453461012e+000; 
w20=-2.0461275502e-001; w2(1)=6.0436522000e-001; 

