
%liczba neuronów ukrytych: 4, liczba wejœæ sieci: 5
%wejœcie 1: u(k-5)
%wejœcie 2: u(k-6)
%wejœcie 3: u(k-7)
%wejœcie 4: y(k-1)
%wejœcie 5: y(k-2)
%uczenie w trybie OE
w10(1,1)=4.2370186703e-001; w1(1,1)=2.1440417070e-002; w1(1,2)=4.2845197989e-001; w1(1,3)=6.7800392931e-001; w1(1,4)=4.7354484833e-001; w1(1,5)=1.9868740351e-001; 
w10(2,1)=2.3605634199e-001; w1(2,1)=-4.3600715194e-001; w1(2,2)=-2.8481549299e-001; w1(2,3)=-5.4592861542e-001; w1(2,4)=6.2641855570e-001; w1(2,5)=8.5162873422e-001; 
w10(3,1)=1.0678860708e-002; w1(3,1)=-8.1752082004e-002; w1(3,2)=-1.2778632776e-001; w1(3,3)=-1.5560397608e-001; w1(3,4)=1.0737488306e-001; w1(3,5)=8.7789574758e-001; 
w10(4,1)=-3.4541167868e-001; w1(4,1)=-3.9415707709e-001; w1(4,2)=-2.5296510586e-001; w1(4,3)=-6.3126252469e-001; w1(4,4)=2.8175892282e-002; w1(4,5)=3.1856081277e-001; 
w20=-3.9963684289e-002; w2(1)=4.4949970027e-001; w2(2)=-2.8273558304e-001; w2(3)=9.2397625206e-001; w2(4)=2.5234278459e-001; 

