
%liczba neuronów ukrytych: 1, liczba wejœæ sieci: 5
%wejœcie 1: u(k-5)
%wejœcie 2: u(k-6)
%wejœcie 3: u(k-7)
%wejœcie 4: y(k-1)
%wejœcie 5: y(k-2)
%uczenie w trybie OE
w10(1,1)=-3.5126246028e-001; w1(1,1)=1.0144532028e-001; w1(1,2)=-1.1651668286e-001; w1(1,3)=-2.2065265677e-001; w1(1,4)=4.9609401538e-002; w1(1,5)=-1.5610267883e+000; 
w20=-2.0318395770e-001; w2(1)=-6.1106113547e-001; 

