
%liczba neuronów ukrytych: 5, liczba wejœæ sieci: 4
%wejœcie 1: u(k-5)
%wejœcie 2: u(k-6)
%wejœcie 3: y(k-1)
%wejœcie 4: y(k-2)
%uczenie w trybie OE
w10(1,1)=1.7392079395e-001; w1(1,1)=-2.4325313194e-001; w1(1,2)=-9.3227546846e-001; w1(1,3)=6.8541321248e-001; w1(1,4)=4.5804839653e-001; 
w10(2,1)=5.1515475376e-001; w1(2,1)=5.7777731786e-001; w1(2,2)=-2.7794768171e-001; w1(2,3)=7.8906088600e-001; w1(2,4)=7.3262181421e-001; 
w10(3,1)=-2.5452554761e-001; w1(3,1)=1.5834891360e-001; w1(3,2)=-1.3974767657e+000; w1(3,3)=7.1674520918e-001; w1(3,4)=-1.2521676111e+000; 
w10(4,1)=6.3485792452e-002; w1(4,1)=4.8789865346e-001; w1(4,2)=-1.1311521780e-003; w1(4,3)=-2.2303148229e-001; w1(4,4)=-4.7414178656e-001; 
w10(5,1)=2.3708558543e-001; w1(5,1)=1.1477948662e-001; w1(5,2)=-4.8196391377e-001; w1(5,3)=6.3046276938e-001; w1(5,4)=9.0707203325e-001; 
w20=-1.2646639460e-001; w2(1)=-2.2555554444e-001; w2(2)=1.7608091812e-001; w2(3)=-1.6439740539e-001; w2(4)=-4.8234764200e-001; w2(5)=3.0331113057e-001; 

