
%liczba neuronów ukrytych: 6, liczba wejœæ sieci: 4
%wejœcie 1: u(k-5)
%wejœcie 2: u(k-6)
%wejœcie 3: y(k-1)
%wejœcie 4: y(k-2)
%uczenie w trybie OE
w10(1,1)=-2.4577134302e-001; w1(1,1)=4.4005191325e-001; w1(1,2)=-7.4900110831e-001; w1(1,3)=-6.2929434283e-002; w1(1,4)=-9.5386639586e-001; 
w10(2,1)=-1.3555424001e-001; w1(2,1)=-1.2626798783e-001; w1(2,2)=-2.3715505106e-001; w1(2,3)=-1.9971892270e-001; w1(2,4)=3.4679805907e-003; 
w10(3,1)=1.2110292107e-001; w1(3,1)=7.3352083105e-001; w1(3,2)=1.8080189327e+000; w1(3,3)=-2.1365605824e-001; w1(3,4)=-2.9382119702e-001; 
w10(4,1)=4.8457937097e-001; w1(4,1)=5.3833732131e-001; w1(4,2)=3.4702428972e-002; w1(4,3)=2.0841382882e-001; w1(4,4)=-9.4256110195e-001; 
w10(5,1)=-5.1161110484e-002; w1(5,1)=5.2831029887e-001; w1(5,2)=-3.1774766206e-002; w1(5,3)=-9.9911009278e-002; w1(5,4)=4.3244053724e-002; 
w10(6,1)=-4.0484137012e-003; w1(6,1)=-4.1867236070e-001; w1(6,2)=1.1300125014e+000; w1(6,3)=-7.7968716776e-001; w1(6,4)=9.8661050188e-001; 
w20=-9.1052012092e-002; w2(1)=-7.4624749361e-001; w2(2)=-4.2147258668e-001; w2(3)=9.3385969060e-002; w2(4)=-3.3951789113e-001; w2(5)=9.1480034306e-002; w2(6)=-4.6129287280e-001; 

