
%liczba neuronów ukrytych: 7, liczba wejœæ sieci: 4
%wejœcie 1: u(k-5)
%wejœcie 2: u(k-6)
%wejœcie 3: y(k-1)
%wejœcie 4: y(k-2)
%uczenie w trybie OE
w10(1,1)=4.7798655924e-001; w1(1,1)=-6.3461947150e-001; w1(1,2)=3.2888542626e-001; w1(1,3)=2.2040498380e-001; w1(1,4)=1.1702672637e+000; 
w10(2,1)=-6.9813731260e-002; w1(2,1)=1.3015697172e+000; w1(2,2)=1.3084622777e+000; w1(2,3)=2.1649452691e-001; w1(2,4)=2.3973990905e-001; 
w10(3,1)=-6.4997789070e-002; w1(3,1)=1.3058734988e+000; w1(3,2)=1.7367257645e+000; w1(3,3)=-1.4649398584e-001; w1(3,4)=1.1858355014e-001; 
w10(4,1)=-8.2042052776e-001; w1(4,1)=-4.3630309016e-002; w1(4,2)=-8.0871744521e-001; w1(4,3)=-1.9318687271e-002; w1(4,4)=-9.4378695282e-001; 
w10(5,1)=-1.0921333862e+000; w1(5,1)=-7.8671553902e-001; w1(5,2)=-1.7671310757e-001; w1(5,3)=4.5541659808e-001; w1(5,4)=1.0174287468e+000; 
w10(6,1)=-9.7622225546e-002; w1(6,1)=-2.2169182768e-001; w1(6,2)=-3.2108653601e-001; w1(6,3)=-6.1896250294e-001; w1(6,4)=-9.1035776650e-001; 
w10(7,1)=1.8626970816e-001; w1(7,1)=-3.9581091527e-001; w1(7,2)=4.0952016084e-001; w1(7,3)=-3.8225302041e-001; w1(7,4)=3.4429401782e-001; 
w20=-5.3089098922e-002; w2(1)=2.9671152662e-001; w2(2)=-1.9347009957e-001; w2(3)=2.1217111402e-001; w2(4)=-1.7390854453e-001; w2(5)=2.1507568723e-001; w2(6)=-2.3266783360e-001; w2(7)=-2.4852831257e-001; 

