
%liczba neuronów ukrytych: 4, liczba wejœæ sieci: 4
%wejœcie 1: u(k-5)
%wejœcie 2: u(k-6)
%wejœcie 3: y(k-1)
%wejœcie 4: y(k-2)
%uczenie w trybie OE
w10(1,1)=-1.2113814818e-002; w1(1,1)=1.1377639447e-001; w1(1,2)=4.3896583531e+000; w1(1,3)=-2.6145881868e+000; w1(1,4)=6.3264844069e-001; 
w10(2,1)=4.2602527429e-001; w1(2,1)=1.4241698312e-001; w1(2,2)=2.1701792504e-001; w1(2,3)=2.3735168373e-001; w1(2,4)=1.2147573119e+000; 
w10(3,1)=-1.5417204419e-001; w1(3,1)=-5.5989102240e-001; w1(3,2)=-7.1658385513e-002; w1(3,3)=5.8688458583e-001; w1(3,4)=7.0955743163e-001; 
w10(4,1)=-1.1924286690e-001; w1(4,1)=1.0581601432e+000; w1(4,2)=2.8933052019e-001; w1(4,3)=-6.9961330584e-001; w1(4,4)=-1.0219378486e+000; 
w20=-1.2976754088e-001; w2(1)=4.1882076209e-002; w2(2)=4.6645938162e-001; w2(3)=3.1836390333e-001; w2(4)=6.0123724924e-002; 

