
%liczba neuronów ukrytych: 8, liczba wejœæ sieci: 4
%wejœcie 1: u(k-5)
%wejœcie 2: u(k-6)
%wejœcie 3: y(k-1)
%wejœcie 4: y(k-2)
%uczenie w trybie OE
w10(1,1)=-4.0072281313e-002; w1(1,1)=-1.2477591164e+000; w1(1,2)=2.5087890808e-001; w1(1,3)=-3.4463141141e-001; w1(1,4)=8.4474289033e-001; 
w10(2,1)=-4.7084728197e-001; w1(2,1)=-3.9834081350e-002; w1(2,2)=-8.5641611635e-001; w1(2,3)=-5.3739559458e-001; w1(2,4)=-9.2559834949e-001; 
w10(3,1)=3.0940223179e-001; w1(3,1)=2.7965414302e-001; w1(3,2)=9.4662176902e-002; w1(3,3)=-2.2302144278e-001; w1(3,4)=-4.8248447513e-001; 
w10(4,1)=-2.7377393677e-001; w1(4,1)=4.1898110033e-001; w1(4,2)=-7.9193551666e-001; w1(4,3)=5.8275430957e-002; w1(4,4)=-6.3673828199e-001; 
w10(5,1)=-1.9658292525e-001; w1(5,1)=9.1358899620e-001; w1(5,2)=-6.5111116548e-001; w1(5,3)=-1.4368670387e-001; w1(5,4)=-6.7478891078e-001; 
w10(6,1)=9.8420065451e-002; w1(6,1)=4.0985310420e-001; w1(6,2)=1.2987397449e-002; w1(6,3)=-2.5016445922e-001; w1(6,4)=-5.5252917311e-001; 
w10(7,1)=6.6968544655e-001; w1(7,1)=-1.9798007018e-001; w1(7,2)=-1.3570014106e+000; w1(7,3)=4.9613959179e-001; w1(7,4)=-1.9173842832e-001; 
w10(8,1)=-1.6664828471e-002; w1(8,1)=2.6807595543e-001; w1(8,2)=8.4196156528e-001; w1(8,3)=-1.9425120101e-001; w1(8,4)=3.4932299460e-001; 
w20=3.8335878774e-002; w2(1)=-4.0911381845e-001; w2(2)=-1.8869578956e-001; w2(3)=-5.3907427578e-001; w2(4)=-1.1396843369e-001; w2(5)=-2.9168180237e-001; w2(6)=-3.1145088048e-001; w2(7)=-5.8328504590e-002; w2(8)=-1.2867180343e-001; 

