
%liczba neuronów ukrytych: 7, liczba wejœæ sieci: 5
%wejœcie 1: u(k-5)
%wejœcie 2: u(k-6)
%wejœcie 3: u(k-7)
%wejœcie 4: y(k-1)
%wejœcie 5: y(k-2)
%uczenie w trybie OE
w10(1,1)=3.4828492040e-001; w1(1,1)=3.1262984170e-001; w1(1,2)=4.2788283766e-001; w1(1,3)=4.7182480773e-001; w1(1,4)=-1.3362550381e-004; w1(1,5)=-3.2930227399e-002; 
w10(2,1)=-7.7873728780e-001; w1(2,1)=-5.2189932189e-001; w1(2,2)=-4.5313983857e-001; w1(2,3)=-1.4008109583e-001; w1(2,4)=-5.4900089435e-002; w1(2,5)=-5.1237597791e-001; 
w10(3,1)=-5.1175854975e-001; w1(3,1)=1.7633436632e-001; w1(3,2)=-1.9744629333e-001; w1(3,3)=-8.5380135728e-001; w1(3,4)=-4.5300840136e-002; w1(3,5)=-9.4989981708e-001; 
w10(4,1)=5.2272144714e-002; w1(4,1)=-8.3188660679e-002; w1(4,2)=5.1896044419e-002; w1(4,3)=2.7109902081e-001; w1(4,4)=3.3411027243e-001; w1(4,5)=9.3987961959e-001; 
w10(5,1)=1.2525122584e-001; w1(5,1)=8.0773946876e-001; w1(5,2)=9.6178696792e-001; w1(5,3)=8.7834408898e-001; w1(5,4)=-2.3341260832e-001; w1(5,5)=-5.0743449526e-002; 
w10(6,1)=8.5882253422e-001; w1(6,1)=6.0279246167e-001; w1(6,2)=5.7650450416e-001; w1(6,3)=-1.7183681775e-001; w1(6,4)=-2.2650259192e-001; w1(6,5)=-1.4789497948e+000; 
w10(7,1)=-6.9392675729e-001; w1(7,1)=5.4846310903e-001; w1(7,2)=-3.7042936323e-003; w1(7,3)=-6.6958845126e-001; w1(7,4)=-3.4506307712e-002; w1(7,5)=-1.2786895283e+000; 
w20=-1.5549547661e-001; w2(1)=-3.5942649642e-001; w2(2)=-2.9373490671e-001; w2(3)=3.0261733937e-002; w2(4)=3.4877757468e-001; w2(5)=1.5233949954e-001; w2(6)=-1.1865986447e-001; w2(7)=-2.4099232221e-001; 

