
%liczba neuronów ukrytych: 4, liczba wejœæ sieci: 4
%wejœcie 1: u(k-5)
%wejœcie 2: u(k-6)
%wejœcie 3: y(k-1)
%wejœcie 4: y(k-2)
%uczenie w trybie ARX
w10(1,1)=-2.5433743444e-001; w1(1,1)=-1.1257112262e-001; w1(1,2)=-1.8544728154e-001; w1(1,3)=-8.6936399693e-001; w1(1,4)=1.2766637106e-001; 
w10(2,1)=-3.1142331950e-001; w1(2,1)=-3.1083809831e-001; w1(2,2)=-5.5960447123e-001; w1(2,3)=-6.8152525117e-001; w1(2,4)=6.2477450121e-002; 
w10(3,1)=2.3507394743e-001; w1(3,1)=1.9993203909e-001; w1(3,2)=3.5106204709e-001; w1(3,3)=6.9409262060e-001; w1(3,4)=-4.9851168647e-001; 
w10(4,1)=-3.9375072067e-001; w1(4,1)=-3.9307793401e-001; w1(4,2)=-6.5671118024e-001; w1(4,3)=4.5157569805e-001; w1(4,4)=-1.4874336316e+000; 
w20=-1.4937490273e-001; w2(1)=-1.4721847673e+000; w2(2)=-1.4733934417e+000; w2(3)=-1.7661250158e+000; w2(4)=6.7380774185e-001; 

