
%liczba neuronów ukrytych: 3, liczba wejœæ sieci: 4
%wejœcie 1: u(k-5)
%wejœcie 2: u(k-6)
%wejœcie 3: y(k-1)
%wejœcie 4: y(k-2)
%uczenie w trybie OE
w10(1,1)=-5.1386043701e-002; w1(1,1)=-1.1325625861e-001; w1(1,2)=-1.6624278957e+000; w1(1,3)=-2.2290216163e-001; w1(1,4)=1.1354070311e+000; 
w10(2,1)=-1.8837135667e-001; w1(2,1)=-2.3540963859e-001; w1(2,2)=-4.5995087837e-001; w1(2,3)=-3.6777720115e-001; w1(2,4)=1.5393052344e+000; 
w10(3,1)=4.3007539320e-001; w1(3,1)=5.0419344237e-002; w1(3,2)=2.4914091645e-001; w1(3,3)=6.5981463587e-001; w1(3,4)=1.0807354612e+000; 
w20=-9.8804028589e-002; w2(1)=-1.7506795489e-001; w2(2)=3.5911940482e-001; w2(3)=3.9032198309e-001; 

