
%liczba neuronów ukrytych: 5, liczba wejœæ sieci: 5
%wejœcie 1: u(k-5)
%wejœcie 2: u(k-6)
%wejœcie 3: u(k-7)
%wejœcie 4: y(k-1)
%wejœcie 5: y(k-2)
%uczenie w trybie OE
w10(1,1)=-1.0594653242e-002; w1(1,1)=4.1368783431e-001; w1(1,2)=1.4019614139e-001; w1(1,3)=2.8579957544e-001; w1(1,4)=-3.4032782642e-001; w1(1,5)=-1.1017481970e+000; 
w10(2,1)=5.9599999775e-001; w1(2,1)=-2.8236789550e-001; w1(2,2)=3.2655623548e-001; w1(2,3)=1.8845513661e+000; w1(2,4)=-5.6509968763e-001; w1(2,5)=9.8136752557e-001; 
w10(3,1)=-4.4656855032e-001; w1(3,1)=8.5991329143e-002; w1(3,2)=5.3860800409e-002; w1(3,3)=-4.8415981949e-001; w1(3,4)=2.4212549748e-001; w1(3,5)=-1.6382242662e+000; 
w10(4,1)=2.3074883894e-001; w1(4,1)=4.0308262752e-001; w1(4,2)=7.3193205817e-001; w1(4,3)=9.2817089536e-001; w1(4,4)=6.0777782477e-001; w1(4,5)=-7.4833187728e-001; 
w10(5,1)=-4.6730499200e-001; w1(5,1)=7.3677594839e-001; w1(5,2)=5.4086226058e-001; w1(5,3)=-1.2110699507e-001; w1(5,4)=-7.8442265130e-001; w1(5,5)=-1.4546106292e+000; 
w20=-1.4425621831e-001; w2(1)=-4.1120790307e-001; w2(2)=-5.2053634802e-002; w2(3)=-4.7793960880e-001; w2(4)=1.6186678064e-001; w2(5)=1.5713732883e-001; 

