
%liczba neuronów ukrytych: 6, liczba wejœæ sieci: 4
%wejœcie 1: u(k-5)
%wejœcie 2: u(k-6)
%wejœcie 3: y(k-1)
%wejœcie 4: y(k-2)
%uczenie w trybie OE
w10(1,1)=3.4148760263e-001; w1(1,1)=-3.6910316759e-001; w1(1,2)=6.1611218444e-001; w1(1,3)=2.0637622391e-001; w1(1,4)=1.3626959486e+000; 
w10(2,1)=-5.0471535407e-002; w1(2,1)=-2.2918455062e-001; w1(2,2)=-1.4553233142e+000; w1(2,3)=-9.8069414278e-002; w1(2,4)=-1.1278166904e+000; 
w10(3,1)=6.2955282600e-001; w1(3,1)=-8.8720162881e-001; w1(3,2)=2.0214272624e-002; w1(3,3)=-6.0019273715e-002; w1(3,4)=9.0763953455e-001; 
w10(4,1)=-3.9574806537e-002; w1(4,1)=-1.1649193058e-001; w1(4,2)=6.7639259673e-001; w1(4,3)=-6.4926972623e-001; w1(4,4)=1.2443298350e-001; 
w10(5,1)=-1.4364806540e-001; w1(5,1)=1.1051258616e+000; w1(5,2)=5.4694612083e-001; w1(5,3)=3.0268491923e-001; w1(5,4)=-5.6992032428e-001; 
w10(6,1)=1.5986738119e-002; w1(6,1)=-6.6927323319e-001; w1(6,2)=-2.0016726048e+000; w1(6,3)=8.4541545043e-001; w1(6,4)=-1.9837016344e-001; 
w20=-1.3078827248e-001; w2(1)=6.3713932928e-001; w2(2)=8.2354448319e-002; w2(3)=-1.9164898702e-001; w2(4)=-2.8979889312e-001; w2(5)=-1.7817375770e-001; w2(6)=-2.0983871703e-001; 

