
%liczba neuronów ukrytych: 10, liczba wejœæ sieci: 5
%wejœcie 1: u(k-5)
%wejœcie 2: u(k-6)
%wejœcie 3: u(k-7)
%wejœcie 4: y(k-1)
%wejœcie 5: y(k-2)
%uczenie w trybie OE
w10(1,1)=-2.9319640432e-001; w1(1,1)=6.1947388158e-001; w1(1,2)=4.7141750004e-001; w1(1,3)=2.1342476040e-002; w1(1,4)=-2.7412217227e-001; w1(1,5)=-5.8016351928e-001; 
w10(2,1)=-1.0605344945e-001; w1(2,1)=3.1328791195e-001; w1(2,2)=6.4948147465e-002; w1(2,3)=-2.9924772057e-001; w1(2,4)=-1.8330376271e-001; w1(2,5)=-2.5421503792e-001; 
w10(3,1)=-5.6823925508e-001; w1(3,1)=-4.3931025257e-001; w1(3,2)=-2.3380934733e-001; w1(3,3)=-1.9959881838e-001; w1(3,4)=1.5383574475e-001; w1(3,5)=1.1313723174e+000; 
w10(4,1)=-7.1113602464e-001; w1(4,1)=-5.0224811427e-002; w1(4,2)=7.2924615769e-002; w1(4,3)=-1.9507379107e-001; w1(4,4)=1.1051852888e-001; w1(4,5)=-3.9929087158e-001; 
w10(5,1)=-5.7159509248e-001; w1(5,1)=4.7039132258e-001; w1(5,2)=-2.8039132985e-001; w1(5,3)=-1.2870894304e+000; w1(5,4)=-1.7428291982e-001; w1(5,5)=-1.0332714798e+000; 
w10(6,1)=5.2648274620e-004; w1(6,1)=3.9189346928e-001; w1(6,2)=-9.7907050072e-002; w1(6,3)=-1.1223043944e+000; w1(6,4)=-3.2796893652e-001; w1(6,5)=-1.5747551722e-002; 
w10(7,1)=-1.3125108488e-001; w1(7,1)=3.1814573493e-001; w1(7,2)=-1.3081367223e-001; w1(7,3)=-5.0821647316e-001; w1(7,4)=-2.5906927136e-001; w1(7,5)=-9.3359928241e-001; 
w10(8,1)=1.6578975978e-001; w1(8,1)=-4.8084391700e-001; w1(8,2)=-5.1048959543e-003; w1(8,3)=8.4802683149e-001; w1(8,4)=3.9708151336e-001; w1(8,5)=1.0200232196e-001; 
w10(9,1)=-3.2702414626e-001; w1(9,1)=5.7772409675e-002; w1(9,2)=-2.5095112779e-002; w1(9,3)=-3.1452443126e-001; w1(9,4)=-1.0051219890e-001; w1(9,5)=-7.9144587696e-001; 
w10(10,1)=-3.4076165503e-002; w1(10,1)=7.6268301710e-001; w1(10,2)=8.7090477081e-001; w1(10,3)=6.1734100046e-001; w1(10,4)=-1.6153177721e-001; w1(10,5)=-3.1767458841e-001; 
w20=-2.4543494434e-001; w2(1)=-1.5368737556e-002; w2(2)=-6.4445424607e-002; w2(3)=2.1784839614e-001; w2(4)=-2.5048299854e-001; w2(5)=-1.1300922289e-001; w2(6)=2.5294341142e-001; w2(7)=-2.5593747489e-001; w2(8)=1.3785840229e-002; w2(9)=-3.2581125859e-001; w2(10)=1.1811383254e-001; 

