
%liczba neuronów ukrytych: 10, liczba wejœæ sieci: 4
%wejœcie 1: u(k-5)
%wejœcie 2: u(k-6)
%wejœcie 3: y(k-1)
%wejœcie 4: y(k-2)
%uczenie w trybie OE
w10(1,1)=6.0014026424e-001; w1(1,1)=-4.5629028578e-001; w1(1,2)=-5.8508531193e-001; w1(1,3)=-3.0267270740e-001; w1(1,4)=-2.8857014466e-001; 
w10(2,1)=-2.0440286376e-001; w1(2,1)=-1.0583768392e+000; w1(2,2)=-1.5465155676e+000; w1(2,3)=5.8147597441e-001; w1(2,4)=2.6300893707e-002; 
w10(3,1)=-1.3722458380e-001; w1(3,1)=-1.5340273182e-001; w1(3,2)=1.5522891748e-001; w1(3,3)=4.3768057042e-001; w1(3,4)=8.7889627600e-001; 
w10(4,1)=-4.7888694900e-001; w1(4,1)=3.9632429491e-002; w1(4,2)=-2.8386623914e-001; w1(4,3)=-5.1805292130e-001; w1(4,4)=-5.2313409934e-001; 
w10(5,1)=-1.1627807397e-001; w1(5,1)=-4.0585348871e-001; w1(5,2)=-4.4532872015e-001; w1(5,3)=-1.6312305608e-001; w1(5,4)=-3.8201646713e-001; 
w10(6,1)=-1.8809092495e-001; w1(6,1)=2.0259141160e-001; w1(6,2)=-4.1925879556e-001; w1(6,3)=-2.5271354612e-001; w1(6,4)=-7.1554046319e-001; 
w10(7,1)=-5.8458223816e-001; w1(7,1)=-8.1284227063e-001; w1(7,2)=-6.2562259645e-001; w1(7,3)=-1.4459302215e-001; w1(7,4)=5.2706686448e-001; 
w10(8,1)=-6.8517746994e-003; w1(8,1)=-2.8253363617e-002; w1(8,2)=2.5094401123e-001; w1(8,3)=1.3109801439e-001; w1(8,4)=5.0006335827e-001; 
w10(9,1)=6.6746344088e-002; w1(9,1)=3.6404359500e-001; w1(9,2)=4.8666791347e-002; w1(9,3)=-1.0178691275e-001; w1(9,4)=-3.3645374832e-001; 
w10(10,1)=-7.2053404572e-002; w1(10,1)=-6.9691588195e-001; w1(10,2)=-5.8835553887e-002; w1(10,3)=-2.9173331062e-001; w1(10,4)=2.7559703165e-001; 
w20=-2.0157574857e-001; w2(1)=1.5118051692e-001; w2(2)=-9.9656889202e-002; w2(3)=2.8046391482e-001; w2(4)=-4.0186386239e-001; w2(5)=8.5398647304e-002; w2(6)=-2.7207698668e-001; w2(7)=1.8297381870e-001; w2(8)=-2.5964314662e-002; w2(9)=-1.1946122246e-002; w2(10)=-2.2409842702e-001; 

