
%liczba neuronów ukrytych: 8, liczba wejœæ sieci: 4
%wejœcie 1: u(k-5)
%wejœcie 2: u(k-6)
%wejœcie 3: y(k-1)
%wejœcie 4: y(k-2)
%uczenie w trybie OE
w10(1,1)=4.8576975595e-003; w1(1,1)=2.1705366015e-001; w1(1,2)=-1.2129207398e+000; w1(1,3)=1.8214054820e-002; w1(1,4)=-1.1174321141e+000; 
w10(2,1)=-1.6650966855e-001; w1(2,1)=3.6659383204e-001; w1(2,2)=-7.0138897350e-001; w1(2,3)=9.8156825688e-002; w1(2,4)=-7.7406449680e-001; 
w10(3,1)=1.3778598100e-001; w1(3,1)=-8.8116591103e-001; w1(3,2)=-6.4132083273e-001; w1(3,3)=5.5857465522e-002; w1(3,4)=7.1376290071e-001; 
w10(4,1)=1.9891164142e-001; w1(4,1)=2.1823226646e-001; w1(4,2)=1.8563909671e-001; w1(4,3)=-5.1920201797e-001; w1(4,4)=-2.4984597535e-001; 
w10(5,1)=3.4905231252e-001; w1(5,1)=-2.2469399340e-001; w1(5,2)=9.2684079850e-001; w1(5,3)=2.2968319635e-001; w1(5,4)=1.1583235084e+000; 
w10(6,1)=-1.5250523955e-001; w1(6,1)=1.9786831255e-002; w1(6,2)=-1.0128750627e+000; w1(6,3)=-4.0848895996e-001; w1(6,4)=-1.1008272548e+000; 
w10(7,1)=4.9111483516e-002; w1(7,1)=2.0244878471e-002; w1(7,2)=-3.5153211386e-001; w1(7,3)=2.8408719535e-001; w1(7,4)=-5.4339174316e-003; 
w10(8,1)=3.2380102832e-001; w1(8,1)=2.4893080840e-001; w1(8,2)=-3.1219162472e-001; w1(8,3)=3.8327767859e-001; w1(8,4)=5.3195155817e-002; 
w20=-6.6017474016e-002; w2(1)=1.8048018525e-001; w2(2)=-4.1578950035e-001; w2(3)=-1.7385185463e-001; w2(4)=-5.7696811632e-001; w2(5)=2.1105503116e-001; w2(6)=-7.9701922444e-002; w2(7)=1.9440930166e-001; w2(8)=1.3335945057e-001; 

