
%liczba neuronów ukrytych: 9, liczba wejœæ sieci: 5
%wejœcie 1: u(k-5)
%wejœcie 2: u(k-6)
%wejœcie 3: u(k-7)
%wejœcie 4: y(k-1)
%wejœcie 5: y(k-2)
%uczenie w trybie OE
w10(1,1)=1.9448286859e-001; w1(1,1)=2.1753978700e-001; w1(1,2)=3.8858442819e-001; w1(1,3)=1.2046815482e+000; w1(1,4)=1.1913994185e-001; w1(1,5)=2.2366852520e-001; 
w10(2,1)=4.9573543797e-001; w1(2,1)=-1.6380523764e-001; w1(2,2)=-3.2050811143e-001; w1(2,3)=-5.3005108940e-001; w1(2,4)=9.2012612124e-002; w1(2,5)=1.5393282299e-001; 
w10(3,1)=4.8063386893e-001; w1(3,1)=3.1546468879e-001; w1(3,2)=6.9172571571e-002; w1(3,3)=-7.7369968823e-002; w1(3,4)=1.7719062867e-002; w1(3,5)=-7.0139064008e-001; 
w10(4,1)=2.1027138710e-001; w1(4,1)=-2.1043159012e-001; w1(4,2)=8.0572190131e-002; w1(4,3)=4.9210789646e-001; w1(4,4)=6.4913513566e-001; w1(4,5)=4.0013438308e-001; 
w10(5,1)=-1.0867358426e+000; w1(5,1)=8.3194536343e-001; w1(5,2)=2.6408993202e-002; w1(5,3)=-1.5342859823e+000; w1(5,4)=-2.9123481890e-001; w1(5,5)=-1.6617159932e+000; 
w10(6,1)=-4.8220393178e-002; w1(6,1)=1.9410784301e-001; w1(6,2)=-2.8931298268e-001; w1(6,3)=-8.2961793424e-001; w1(6,4)=-1.5890887267e-001; w1(6,5)=-3.6693671734e-001; 
w10(7,1)=-5.2489401961e-001; w1(7,1)=-6.5629492220e-001; w1(7,2)=-2.2079568187e-001; w1(7,3)=6.6245839832e-001; w1(7,4)=2.8600923615e-001; w1(7,5)=-6.2423994912e-001; 
w10(8,1)=5.5940080285e-001; w1(8,1)=6.2161736407e-001; w1(8,2)=4.0572433769e-002; w1(8,3)=-1.2740343496e+000; w1(8,4)=-1.3480602633e-001; w1(8,5)=-1.3762672320e+000; 
w10(9,1)=-4.0828187206e-001; w1(9,1)=1.0633769798e-001; w1(9,2)=1.3398924588e-001; w1(9,3)=1.6698681912e-001; w1(9,4)=1.0528439446e-001; w1(9,5)=-2.9338586461e-002; 
w20=-1.1446095127e-002; w2(1)=2.3341326683e-001; w2(2)=-1.6514647737e-001; w2(3)=-6.0792475995e-001; w2(4)=4.2470953171e-001; w2(5)=-1.0814946275e-001; w2(6)=4.4528119845e-001; w2(7)=-2.7693352168e-001; w2(8)=-1.0204967479e-001; w2(9)=-2.0770902258e-001; 

