
%liczba neuronów ukrytych: 5, liczba wejœæ sieci: 5
%wejœcie 1: u(k-5)
%wejœcie 2: u(k-6)
%wejœcie 3: u(k-7)
%wejœcie 4: y(k-1)
%wejœcie 5: y(k-2)
%uczenie w trybie OE
w10(1,1)=-7.7184333087e-001; w1(1,1)=3.8892284016e-002; w1(1,2)=2.4249572431e-003; w1(1,3)=-4.0179108154e-001; w1(1,4)=4.5433725930e-002; w1(1,5)=-1.3598115747e+000; 
w10(2,1)=4.9408066691e-002; w1(2,1)=-5.7324209962e-002; w1(2,2)=7.6161718639e-002; w1(2,3)=1.4691611839e-001; w1(2,4)=2.3408272285e-001; w1(2,5)=8.7030590174e-001; 
w10(3,1)=-1.1717837715e-001; w1(3,1)=-1.0991261683e+000; w1(3,2)=-1.0287117503e+000; w1(3,3)=-1.0354360928e+000; w1(3,4)=2.6648837255e-001; w1(3,5)=1.0987220392e-001; 
w10(4,1)=-7.6651160097e-001; w1(4,1)=-5.6173330780e-001; w1(4,2)=-6.4423005254e-001; w1(4,3)=-3.8067645350e-001; w1(4,4)=-2.2042435720e-001; w1(4,5)=1.9304576631e+000; 
w10(5,1)=5.2331507377e-001; w1(5,1)=-3.7813922585e-001; w1(5,2)=-3.0954928543e-001; w1(5,3)=-3.2484039831e-001; w1(5,4)=-1.1723431623e+000; w1(5,5)=-1.8247093854e-001; 
w20=-1.2237875946e-001; w2(1)=-1.2366807409e-001; w2(2)=6.9314911622e-001; w2(3)=-7.8416286467e-002; w2(4)=8.6357770990e-002; w2(5)=1.1549080312e-001; 

