
%liczba neuronów ukrytych: 1, liczba wejœæ sieci: 4
%wejœcie 1: u(k-5)
%wejœcie 2: u(k-6)
%wejœcie 3: y(k-1)
%wejœcie 4: y(k-2)
%uczenie w trybie OE
w10(1,1)=2.8689230096e-001; w1(1,1)=-1.0230684588e-001; w1(1,2)=2.1808860947e-001; w1(1,3)=9.7296356413e-001; w1(1,4)=3.1192311046e-001; 
w20=-2.0594025141e-001; w2(1)=7.4453414826e-001; 

