
%liczba neuronów ukrytych: 4, liczba wejœæ sieci: 4
%wejœcie 1: u(k-5)
%wejœcie 2: u(k-6)
%wejœcie 3: y(k-1)
%wejœcie 4: y(k-2)
%uczenie w trybie OE
w10(1,1)=-2.3618814241e-001; w1(1,1)=2.7352749384e-001; w1(1,2)=-9.1634990595e-001; w1(1,3)=1.6084536694e-001; w1(1,4)=1.0698451413e+000; 
w10(2,1)=-2.2927503599e-001; w1(2,1)=3.3440739798e-001; w1(2,2)=5.3577629141e-001; w1(2,3)=1.1561420233e-001; w1(2,4)=-5.3081738111e-001; 
w10(3,1)=1.4799418981e-001; w1(3,1)=-4.6214840373e-001; w1(3,2)=-1.2701562409e+000; w1(3,3)=5.2602758961e-001; w1(3,4)=3.5731415352e-001; 
w10(4,1)=-3.2905004628e-001; w1(4,1)=2.8123905523e-001; w1(4,2)=-5.4713912467e-001; w1(4,3)=-1.3196271198e+000; w1(4,4)=1.1556354871e-001; 
w20=-1.7018137463e-001; w2(1)=2.1683191849e-001; w2(2)=-2.0525552177e-001; w2(3)=-1.5932076681e-001; w2(4)=-6.2191286418e-001; 

