
%liczba neuronów ukrytych: 8, liczba wejœæ sieci: 5
%wejœcie 1: u(k-5)
%wejœcie 2: u(k-6)
%wejœcie 3: u(k-7)
%wejœcie 4: y(k-1)
%wejœcie 5: y(k-2)
%uczenie w trybie OE
w10(1,1)=-6.0396680516e-001; w1(1,1)=-6.8249387976e-001; w1(1,2)=-5.0463888243e-001; w1(1,3)=8.6195041115e-002; w1(1,4)=3.9158195345e-001; w1(1,5)=1.0976652928e+000; 
w10(2,1)=-3.5934193910e-001; w1(2,1)=-1.0880491846e+000; w1(2,2)=-5.8081740040e-001; w1(2,3)=4.2897281159e-002; w1(2,4)=4.2445746501e-002; w1(2,5)=3.7787692580e-001; 
w10(3,1)=3.4211105532e-002; w1(3,1)=9.3188922060e-001; w1(3,2)=1.2914620937e-001; w1(3,3)=-1.2863904985e+000; w1(3,4)=-3.1536713736e-001; w1(3,5)=4.9677860260e-002; 
w10(4,1)=-7.0193614578e-001; w1(4,1)=3.8624647478e-001; w1(4,2)=-4.4233043055e-001; w1(4,3)=-1.9298152908e+000; w1(4,4)=2.7636971593e-001; w1(4,5)=-5.6626395230e-001; 
w10(5,1)=-4.5467620667e-001; w1(5,1)=4.6506145091e-001; w1(5,2)=-6.2370373053e-002; w1(5,3)=-8.0919596332e-001; w1(5,4)=7.5418756425e-002; w1(5,5)=-1.1732140609e+000; 
w10(6,1)=-4.8548185250e-002; w1(6,1)=2.1376833751e-001; w1(6,2)=-5.7414640914e-002; w1(6,3)=3.3689228096e-002; w1(6,4)=-2.4530193976e-002; w1(6,5)=-2.7566625881e-001; 
w10(7,1)=1.4088429738e-001; w1(7,1)=3.1035419292e-001; w1(7,2)=2.2498981097e-001; w1(7,3)=-5.4265669918e-001; w1(7,4)=-2.9646390441e-001; w1(7,5)=-7.5037685069e-001; 
w10(8,1)=4.4153439407e-001; w1(8,1)=2.2425490867e-001; w1(8,2)=5.6879101629e-001; w1(8,3)=1.0210835011e+000; w1(8,4)=5.8153554493e-002; w1(8,5)=2.8155442503e-001; 
w20=-1.3099119907e-001; w2(1)=1.7147606582e-001; w2(2)=-8.1639134580e-002; w2(3)=2.1982962687e-001; w2(4)=1.4054888131e-001; w2(5)=-4.7105928004e-001; w2(6)=-2.9371595626e-001; w2(7)=-1.9157792038e-001; w2(8)=2.0694570974e-001; 

