
%liczba neuronów ukrytych: 10, liczba wejœæ sieci: 4
%wejœcie 1: u(k-5)
%wejœcie 2: u(k-6)
%wejœcie 3: y(k-1)
%wejœcie 4: y(k-2)
%uczenie w trybie OE
w10(1,1)=9.4034359427e-002; w1(1,1)=4.6303081520e-001; w1(1,2)=-1.9655694495e-001; w1(1,3)=4.4716064313e-001; w1(1,4)=-3.9709392252e-001; 
w10(2,1)=6.4430345593e-003; w1(2,1)=2.9202756078e-002; w1(2,2)=3.3694660609e-001; w1(2,3)=-1.7710697905e-001; w1(2,4)=-1.0827770985e-001; 
w10(3,1)=-5.9627612155e-002; w1(3,1)=-2.0406573113e-001; w1(3,2)=6.4086982174e-002; w1(3,3)=1.3920748860e-001; w1(3,4)=2.1042203761e-001; 
w10(4,1)=1.5409797198e-001; w1(4,1)=4.6809106972e-001; w1(4,2)=4.8647977573e-002; w1(4,3)=4.1772320757e-002; w1(4,4)=-3.1827510483e-001; 
w10(5,1)=5.4135310719e-001; w1(5,1)=2.1176954285e-001; w1(5,2)=8.2999257232e-002; w1(5,3)=-5.0815061434e-001; w1(5,4)=-1.9817935832e-001; 
w10(6,1)=1.6095297504e-001; w1(6,1)=-2.2560604782e-001; w1(6,2)=2.9372492629e-001; w1(6,3)=1.5740423016e-001; w1(6,4)=2.4973243877e-001; 
w10(7,1)=-1.3116421026e-001; w1(7,1)=-4.2834931354e-001; w1(7,2)=-1.3218321065e+000; w1(7,3)=1.6898337124e-001; w1(7,4)=-1.4763112431e-001; 
w10(8,1)=-3.1085053235e-002; w1(8,1)=8.1662625071e-003; w1(8,2)=1.8029709960e-001; w1(8,3)=-1.1293397344e-002; w1(8,4)=4.0342084193e-002; 
w10(9,1)=-5.0355994934e-001; w1(9,1)=1.2706727831e-001; w1(9,2)=-4.5306365720e-001; w1(9,3)=-5.8558437251e-001; w1(9,4)=-8.9010114522e-001; 
w10(10,1)=-7.5557729794e-002; w1(10,1)=3.9441319749e-001; w1(10,2)=9.2129656286e-001; w1(10,3)=-3.4931723153e-001; w1(10,4)=1.3488422100e-001; 
w20=1.3758601439e-001; w2(1)=3.3479508731e-001; w2(2)=-1.6480637378e-001; w2(3)=1.8360702853e-001; w2(4)=-7.6439869368e-002; w2(5)=-6.2640531079e-001; w2(6)=3.0915267081e-001; w2(7)=-8.5888596871e-002; w2(8)=1.0093635519e-001; w2(9)=-2.3615530743e-001; w2(10)=3.7476260525e-002; 

