
%liczba neuronów ukrytych: 4, liczba wejœæ sieci: 5
%wejœcie 1: u(k-5)
%wejœcie 2: u(k-6)
%wejœcie 3: u(k-7)
%wejœcie 4: y(k-1)
%wejœcie 5: y(k-2)
%uczenie w trybie OE
w10(1,1)=3.4061850725e-001; w1(1,1)=3.9688830811e-001; w1(1,2)=4.8914169023e-001; w1(1,3)=8.0112296680e-001; w1(1,4)=6.4231911220e-001; w1(1,5)=-3.9656621107e-001; 
w10(2,1)=-4.2334720539e-001; w1(2,1)=8.6940872584e-001; w1(2,2)=-1.0384308602e-001; w1(2,3)=-2.3523207294e-001; w1(2,4)=-7.6662965056e-002; w1(2,5)=-1.6706425073e+000; 
w10(3,1)=6.2886550413e-001; w1(3,1)=-2.8048960523e-001; w1(3,2)=1.1432878999e+000; w1(3,3)=7.2280983471e-001; w1(3,4)=-1.4200031957e+000; w1(3,5)=-7.2694215732e-001; 
w10(4,1)=-2.6850413370e-001; w1(4,1)=3.0555577980e-001; w1(4,2)=-1.5374132018e-001; w1(4,3)=-7.0188212080e-002; w1(4,4)=-5.9177142149e-001; w1(4,5)=-7.0692122107e-001; 
w20=-1.4472590025e-001; w2(1)=1.3909058678e-001; w2(2)=1.3290428318e-001; w2(3)=-8.6222058621e-002; w2(4)=-7.6516901580e-001; 

