
%liczba neuronów ukrytych: 5, liczba wejœæ sieci: 4
%wejœcie 1: u(k-5)
%wejœcie 2: u(k-6)
%wejœcie 3: y(k-1)
%wejœcie 4: y(k-2)
%uczenie w trybie OE
w10(1,1)=-1.7316889986e-001; w1(1,1)=7.5316672494e-002; w1(1,2)=-1.4284670200e-001; w1(1,3)=-1.0405855288e+000; w1(1,4)=8.0628697039e-002; 
w10(2,1)=-3.6428347891e-001; w1(2,1)=1.1249972545e+000; w1(2,2)=3.0152404668e-001; w1(2,3)=-3.0609351627e-001; w1(2,4)=-1.3883580693e+000; 
w10(3,1)=4.3984594806e-001; w1(3,1)=6.0318163189e-001; w1(3,2)=1.5797451874e-001; w1(3,3)=5.3771098225e-001; w1(3,4)=3.8275684584e-001; 
w10(4,1)=3.4282343522e-001; w1(4,1)=-1.6145950197e-002; w1(4,2)=2.4262587655e+000; w1(4,3)=-5.1967439735e-001; w1(4,4)=9.0115159314e-001; 
w10(5,1)=-1.1833863102e-001; w1(5,1)=6.1172908782e-001; w1(5,2)=1.4969230985e-001; w1(5,3)=-3.1771109030e-001; w1(5,4)=-6.9072697281e-001; 
w20=-1.7165603253e-001; w2(1)=-6.1910373234e-001; w2(2)=2.0305767895e-001; w2(3)=1.7215625383e-001; w2(4)=2.7942389682e-002; w2(5)=-4.8060944357e-001; 

