
%liczba neuronów ukrytych: 1, liczba wejœæ sieci: 4
%wejœcie 1: u(k-5)
%wejœcie 2: u(k-6)
%wejœcie 3: y(k-1)
%wejœcie 4: y(k-2)
%uczenie w trybie OE
w10(1,1)=-2.8769822274e-001; w1(1,1)=1.0378052619e-001; w1(1,2)=-2.2035405630e-001; w1(1,3)=-9.6879487966e-001; w1(1,4)=-3.1942032127e-001; 
w20=-2.0592409334e-001; w2(1)=-7.4248704424e-001; 

