
%liczba neuronów ukrytych: 2, liczba wejœæ sieci: 5
%wejœcie 1: u(k-5)
%wejœcie 2: u(k-6)
%wejœcie 3: u(k-7)
%wejœcie 4: y(k-1)
%wejœcie 5: y(k-2)
%uczenie w trybie OE
w10(1,1)=1.2762274232e-001; w1(1,1)=9.0735317867e-001; w1(1,2)=-4.4393831564e+000; w1(1,3)=-1.9001879643e+000; w1(1,4)=1.8795977961e+000; w1(1,5)=5.0173341066e-001; 
w10(2,1)=5.1657152322e-001; w1(2,1)=2.8140649715e-002; w1(2,2)=-1.1110277584e-001; w1(2,3)=1.0344332815e-001; w1(2,4)=8.8238908642e-001; w1(2,5)=1.0049950944e+000; 
w20=-2.4321604319e-001; w2(1)=-5.7418673081e-002; w2(2)=5.2834960991e-001; 

