
%liczba neuronów ukrytych: 3, liczba wejœæ sieci: 4
%wejœcie 1: u(k-5)
%wejœcie 2: u(k-6)
%wejœcie 3: y(k-1)
%wejœcie 4: y(k-2)
%uczenie w trybie OE
w10(1,1)=1.2558175846e-001; w1(1,1)=-2.3685329410e-003; w1(1,2)=-5.1793653695e-001; w1(1,3)=1.1224033983e+000; w1(1,4)=-2.3449244210e+000; 
w10(2,1)=-1.4210339309e-001; w1(2,1)=8.6933321650e-001; w1(2,2)=1.5208918713e+000; w1(2,3)=-8.6022757214e-001; w1(2,4)=4.3810918344e-001; 
w10(3,1)=-1.4427416035e-001; w1(3,1)=1.2140962425e-001; w1(3,2)=-2.7038241166e-001; w1(3,3)=-2.5796062462e-001; w1(3,4)=-1.0845673590e+000; 
w20=-1.9782286819e-001; w2(1)=4.5114305013e-001; w2(2)=9.1259457881e-002; w2(3)=-1.0766292577e+000; 

