
%liczba neuronów ukrytych: 8, liczba wejœæ sieci: 5
%wejœcie 1: u(k-5)
%wejœcie 2: u(k-6)
%wejœcie 3: u(k-7)
%wejœcie 4: y(k-1)
%wejœcie 5: y(k-2)
%uczenie w trybie OE
w10(1,1)=2.3520629397e-001; w1(1,1)=-2.0352210064e-001; w1(1,2)=2.1817645622e-002; w1(1,3)=4.5457096434e-001; w1(1,4)=9.9357758304e-002; w1(1,5)=9.7858160737e-001; 
w10(2,1)=-4.4656099642e-001; w1(2,1)=-4.3132693084e-001; w1(2,2)=-2.9067387984e-002; w1(2,3)=6.7299020453e-001; w1(2,4)=-2.9773477052e-001; w1(2,5)=-1.7715704438e-001; 
w10(3,1)=-3.5096298243e-001; w1(3,1)=1.1300322215e+000; w1(3,2)=8.5856770896e-001; w1(3,3)=9.3269848637e-002; w1(3,4)=4.8222181452e-002; w1(3,5)=-1.0545743999e+000; 
w10(4,1)=-7.8636890615e-001; w1(4,1)=5.3614325763e-001; w1(4,2)=4.3566188214e-001; w1(4,3)=8.2980271208e-001; w1(4,4)=3.8668467503e-001; w1(4,5)=9.1732230768e-002; 
w10(5,1)=3.0146047040e-001; w1(5,1)=1.8641947072e-001; w1(5,2)=3.9150536824e-001; w1(5,3)=8.5867489610e-001; w1(5,4)=-1.9723285865e-001; w1(5,5)=1.3230406325e-001; 
w10(6,1)=-1.3010952023e-001; w1(6,1)=-5.4619998042e-001; w1(6,2)=-6.5458462212e-001; w1(6,3)=-1.3402776326e+000; w1(6,4)=2.5421489572e-001; w1(6,5)=-5.4492740011e-001; 
w10(7,1)=2.0870779076e-001; w1(7,1)=-6.2962892629e-001; w1(7,2)=1.0866462699e-001; w1(7,3)=1.2275457652e+000; w1(7,4)=2.1605470767e-001; w1(7,5)=1.1761569405e+000; 
w10(8,1)=4.6900675568e-001; w1(8,1)=1.8190706271e-001; w1(8,2)=-1.0777366334e-002; w1(8,3)=6.9035379978e-001; w1(8,4)=1.2448709101e-001; w1(8,5)=-1.2348170025e+000; 
w20=-1.1726322284e-001; w2(1)=6.7495074881e-001; w2(2)=-5.6537091589e-002; w2(3)=8.6679980633e-002; w2(4)=-9.7752490088e-002; w2(5)=1.5065671285e-002; w2(6)=-5.0449580605e-002; w2(7)=-1.3193944336e-002; w2(8)=-2.3928716394e-001; 

