
%liczba neuronów ukrytych: 6, liczba wejœæ sieci: 5
%wejœcie 1: u(k-5)
%wejœcie 2: u(k-6)
%wejœcie 3: u(k-7)
%wejœcie 4: y(k-1)
%wejœcie 5: y(k-2)
%uczenie w trybie OE
w10(1,1)=-2.2921220853e-001; w1(1,1)=5.5912716983e-002; w1(1,2)=-2.3870219772e-001; w1(1,3)=-1.3694967102e+000; w1(1,4)=1.8199635899e-001; w1(1,5)=-6.2142505099e-001; 
w10(2,1)=3.1064801826e-001; w1(2,1)=1.0351114558e+000; w1(2,2)=2.9457442788e-001; w1(2,3)=-7.6253388383e-001; w1(2,4)=-4.8807308339e-001; w1(2,5)=-1.4408915514e+000; 
w10(3,1)=-4.4668693356e-001; w1(3,1)=1.9328058820e-001; w1(3,2)=1.0306201140e-001; w1(3,3)=-1.0072818939e+000; w1(3,4)=3.7992021293e-001; w1(3,5)=6.9547716396e-001; 
w10(4,1)=3.9089525617e-001; w1(4,1)=1.3972717569e-001; w1(4,2)=1.6551069348e-001; w1(4,3)=1.6732585318e-001; w1(4,4)=-1.0236538037e-001; w1(4,5)=2.6799350206e-001; 
w10(5,1)=3.6570756072e-001; w1(5,1)=-7.4347906625e-002; w1(5,2)=7.1635895854e-002; w1(5,3)=3.6504182441e-001; w1(5,4)=2.8273830685e-001; w1(5,5)=9.1033611295e-001; 
w10(6,1)=-2.7081765139e-001; w1(6,1)=4.2179175808e-001; w1(6,2)=-2.9823945788e-001; w1(6,3)=-1.4109321243e+000; w1(6,4)=-1.5945724943e-001; w1(6,5)=-8.6861355968e-001; 
w20=-3.9478155616e-002; w2(1)=-3.4756761389e-001; w2(2)=-7.3311811822e-002; w2(3)=2.1912662069e-001; w2(4)=-1.9737212505e-001; w2(5)=6.2272155741e-001; w2(6)=2.6150908215e-001; 

