
%liczba neuronów ukrytych: 6, liczba wejœæ sieci: 5
%wejœcie 1: u(k-5)
%wejœcie 2: u(k-6)
%wejœcie 3: u(k-7)
%wejœcie 4: y(k-1)
%wejœcie 5: y(k-2)
%uczenie w trybie OE
w10(1,1)=-3.0163997848e-001; w1(1,1)=-7.1696423781e-002; w1(1,2)=3.9507741488e-001; w1(1,3)=1.5766434436e+000; w1(1,4)=-8.6621933477e-001; w1(1,5)=-5.7828892819e-001; 
w10(2,1)=-2.5527230910e-001; w1(2,1)=-1.3454798602e-001; w1(2,2)=-2.3089069787e-001; w1(2,3)=-1.4737661443e-002; w1(2,4)=-6.1394496416e-001; w1(2,5)=1.6368496133e+000; 
w10(3,1)=2.3553200918e-001; w1(3,1)=-8.8309237562e-002; w1(3,2)=-3.7001409280e-001; w1(3,3)=-5.2048476473e-001; w1(3,4)=-5.6833588543e-002; w1(3,5)=2.6000070849e-002; 
w10(4,1)=-2.5590599686e-002; w1(4,1)=9.2451438017e-002; w1(4,2)=-2.2687849722e-001; w1(4,3)=4.8105329833e-001; w1(4,4)=-1.0248912357e+000; w1(4,5)=-1.0942172209e-001; 
w10(5,1)=-5.8864782007e-001; w1(5,1)=1.6579649184e-001; w1(5,2)=1.0438023586e-001; w1(5,3)=-1.1839022175e+000; w1(5,4)=-2.0186634546e-001; w1(5,5)=-1.2603373075e+000; 
w10(6,1)=-3.7005183257e-001; w1(6,1)=-6.5150215707e-001; w1(6,2)=6.6950022344e-002; w1(6,3)=7.8922122908e-001; w1(6,4)=-5.1884256020e-001; w1(6,5)=2.2602347456e-001; 
w20=-2.6522933602e-002; w2(1)=1.0459889136e-001; w2(2)=3.7784392551e-001; w2(3)=-6.5857449986e-002; w2(4)=-2.9036443356e-001; w2(5)=-2.3629368355e-001; w2(6)=-9.5102743595e-002; 

