
%liczba neuronów ukrytych: 4, liczba wejœæ sieci: 5
%wejœcie 1: u(k-5)
%wejœcie 2: u(k-6)
%wejœcie 3: u(k-7)
%wejœcie 4: y(k-1)
%wejœcie 5: y(k-2)
%uczenie w trybie OE
w10(1,1)=2.4185619796e-002; w1(1,1)=-6.4346724640e-001; w1(1,2)=-2.0433811012e-001; w1(1,3)=1.1181199586e+000; w1(1,4)=-4.9353463799e-001; w1(1,5)=4.0453216090e-002; 
w10(2,1)=4.5985526649e-001; w1(2,1)=-2.8659853188e-002; w1(2,2)=4.8993182716e-001; w1(2,3)=2.2068631280e-002; w1(2,4)=3.5248068588e-001; w1(2,5)=-1.3824493220e+000; 
w10(3,1)=3.8669546194e-001; w1(3,1)=-1.2066331235e-001; w1(3,2)=1.8434432448e-001; w1(3,3)=1.9388453938e-001; w1(3,4)=8.7853315206e-001; w1(3,5)=2.7352019520e-001; 
w10(4,1)=-9.2528021660e-002; w1(4,1)=-5.8974078825e-001; w1(4,2)=-9.0480300265e-001; w1(4,3)=-2.4493374982e+000; w1(4,4)=5.0257306356e-001; w1(4,5)=4.0055036647e-001; 
w20=-9.0238868073e-002; w2(1)=-3.4957731175e-002; w2(2)=-3.0325647455e-001; w2(3)=5.9091497449e-001; w2(4)=-4.9933047266e-002; 

