
%liczba neuronów ukrytych: 8, liczba wejœæ sieci: 4
%wejœcie 1: u(k-5)
%wejœcie 2: u(k-6)
%wejœcie 3: y(k-1)
%wejœcie 4: y(k-2)
%uczenie w trybie OE
w10(1,1)=2.9092446176e-001; w1(1,1)=1.1039825040e-001; w1(1,2)=7.3222800673e-001; w1(1,3)=-3.9929250942e-001; w1(1,4)=-2.8848789143e-001; 
w10(2,1)=1.5534138118e-001; w1(2,1)=1.8614200988e-001; w1(2,2)=-9.3016685578e-001; w1(2,3)=4.5307339847e-001; w1(2,4)=-7.3772418942e-001; 
w10(3,1)=2.0916648754e-001; w1(3,1)=-3.0530363345e-001; w1(3,2)=6.1236800056e-001; w1(3,3)=2.8234339226e-001; w1(3,4)=7.7922526958e-001; 
w10(4,1)=6.7633909975e-001; w1(4,1)=-5.8290456853e-002; w1(4,2)=-6.6363722332e-001; w1(4,3)=3.4163466030e-001; w1(4,4)=-9.4048456527e-002; 
w10(5,1)=-3.1440140807e-001; w1(5,1)=-4.6881417925e-002; w1(5,2)=-6.7321577926e-001; w1(5,3)=-2.5540964245e-001; w1(5,4)=-5.2250518174e-001; 
w10(6,1)=-1.6506876096e-001; w1(6,1)=-3.2513799166e-001; w1(6,2)=3.1814023917e-001; w1(6,3)=7.8820049830e-003; w1(6,4)=4.3078453640e-001; 
w10(7,1)=2.3647081512e-001; w1(7,1)=-5.0532996515e-001; w1(7,2)=4.0022475349e-001; w1(7,3)=-7.2489399709e-001; w1(7,4)=1.7817929440e-001; 
w10(8,1)=-1.8438418708e-001; w1(8,1)=3.7655951443e-001; w1(8,2)=1.0603329208e+000; w1(8,3)=-5.5986980785e-001; w1(8,4)=-3.1438439542e-001; 
w20=-2.9851950564e-002; w2(1)=-3.6017381630e-001; w2(2)=2.7257766059e-001; w2(3)=2.9716540812e-001; w2(4)=1.5681928700e-001; w2(5)=-3.6756561750e-001; w2(6)=5.4896038056e-001; w2(7)=-1.8386657235e-001; w2(8)=2.3948150935e-001; 

