
%liczba neuronów ukrytych: 10, liczba wejœæ sieci: 5
%wejœcie 1: u(k-5)
%wejœcie 2: u(k-6)
%wejœcie 3: u(k-7)
%wejœcie 4: y(k-1)
%wejœcie 5: y(k-2)
%uczenie w trybie OE
w10(1,1)=-3.1793140445e-001; w1(1,1)=-4.7475125108e-001; w1(1,2)=-6.2426763894e-001; w1(1,3)=-8.0886798382e-001; w1(1,4)=2.5163001377e-001; w1(1,5)=-2.7072330285e-002; 
w10(2,1)=1.2890741194e-001; w1(2,1)=-3.3337230400e-001; w1(2,2)=2.4912154200e-001; w1(2,3)=1.2201871629e+000; w1(2,4)=3.8175981863e-001; w1(2,5)=2.1108878965e-001; 
w10(3,1)=-2.7325415742e-001; w1(3,1)=-5.0700871718e-001; w1(3,2)=-6.6290695705e-001; w1(3,3)=-1.0229744933e+000; w1(3,4)=-1.1531114541e-001; w1(3,5)=1.4155851810e-001; 
w10(4,1)=-3.6827558145e-001; w1(4,1)=6.2988973183e-001; w1(4,2)=4.0272221830e-002; w1(4,3)=-8.9808207344e-001; w1(4,4)=-3.4247924889e-001; w1(4,5)=-9.8249659821e-001; 
w10(5,1)=-5.3698208068e-001; w1(5,1)=1.1460380511e-001; w1(5,2)=-1.1321005073e-001; w1(5,3)=-3.1788844504e-001; w1(5,4)=-4.2807896740e-002; w1(5,5)=-1.1429632130e+000; 
w10(6,1)=-4.5256998368e-001; w1(6,1)=-1.0973707709e-001; w1(6,2)=-4.6462058458e-001; w1(6,3)=-1.3670814899e+000; w1(6,4)=4.6677851503e-002; w1(6,5)=-1.0435671310e+000; 
w10(7,1)=-3.1637802279e-001; w1(7,1)=-6.1127559045e-001; w1(7,2)=-2.5131519432e-001; w1(7,3)=5.7608820758e-001; w1(7,4)=2.6473492904e-001; w1(7,5)=1.6937876696e+000; 
w10(8,1)=-1.5535662850e-001; w1(8,1)=1.2819773588e-001; w1(8,2)=-5.8444879509e-002; w1(8,3)=-5.5698423515e-001; w1(8,4)=-1.3359652979e-001; w1(8,5)=-1.0192161254e-001; 
w10(9,1)=1.6671842146e-001; w1(9,1)=-1.0609018963e+000; w1(9,2)=-5.6012153063e-001; w1(9,3)=3.6067328859e-001; w1(9,4)=3.3243290821e-002; w1(9,5)=5.7799106903e-001; 
w10(10,1)=-8.0305191724e-002; w1(10,1)=-9.1596303986e-001; w1(10,2)=-2.8139898399e-001; w1(10,3)=8.2553412092e-001; w1(10,4)=1.5641840101e-001; w1(10,5)=9.9574380827e-001; 
w20=-2.0094488778e-001; w2(1)=3.2800214341e-001; w2(2)=-1.5823220954e-001; w2(3)=-4.0042468208e-001; w2(4)=-6.5971026280e-002; w2(5)=-5.4680506003e-001; w2(6)=1.1721788728e-002; w2(7)=1.7616135199e-001; w2(8)=3.4767168057e-002; w2(9)=-5.5118113436e-002; w2(10)=1.3458946441e-002; 

