
%liczba neuronów ukrytych: 5, liczba wejœæ sieci: 4
%wejœcie 1: u(k-5)
%wejœcie 2: u(k-6)
%wejœcie 3: y(k-1)
%wejœcie 4: y(k-2)
%uczenie w trybie OE
w10(1,1)=-1.2106922956e-001; w1(1,1)=4.9531980186e-001; w1(1,2)=1.7912520207e+000; w1(1,3)=-3.5586590349e-001; w1(1,4)=2.5217774409e-002; 
w10(2,1)=-3.5529434885e-002; w1(2,1)=3.5820893217e-001; w1(2,2)=-5.1951952494e-001; w1(2,3)=-5.9447943905e-001; w1(2,4)=-8.5615336467e-001; 
w10(3,1)=2.2977792334e-001; w1(3,1)=-1.5046797044e-001; w1(3,2)=-4.2118501384e-001; w1(3,3)=-2.6085409568e-001; w1(3,4)=-9.5988407675e-001; 
w10(4,1)=-2.4676634952e-001; w1(4,1)=1.8201617437e-001; w1(4,2)=-2.7941359944e-001; w1(4,3)=-7.5293482657e-001; w1(4,4)=-6.1501095474e-001; 
w10(5,1)=-4.3480533898e-002; w1(5,1)=1.0324780125e+000; w1(5,2)=-1.3755126295e+000; w1(5,3)=1.5915389648e+000; w1(5,4)=-2.1129779749e-001; 
w20=-2.0537923850e-001; w2(1)=1.0446853822e-001; w2(2)=-1.8327392639e-001; w2(3)=2.7081398093e-001; w2(4)=-6.3596281851e-001; w2(5)=6.5835944016e-002; 

