
%liczba neuronów ukrytych: 7, liczba wejœæ sieci: 4
%wejœcie 1: u(k-5)
%wejœcie 2: u(k-6)
%wejœcie 3: y(k-1)
%wejœcie 4: y(k-2)
%uczenie w trybie OE
w10(1,1)=2.1456272287e-001; w1(1,1)=6.5692184692e-001; w1(1,2)=-3.5144458646e-001; w1(1,3)=5.4452522557e-001; w1(1,4)=-5.4272488541e-001; 
w10(2,1)=-1.8892043542e-001; w1(2,1)=6.9068544014e-001; w1(2,2)=-8.2626027263e-001; w1(2,3)=1.3343415230e-002; w1(2,4)=-1.1056721654e+000; 
w10(3,1)=-2.5689367010e-001; w1(3,1)=-1.7910259937e-001; w1(3,2)=-7.6230889093e-001; w1(3,3)=4.3472465966e-001; w1(3,4)=-2.8003640951e-001; 
w10(4,1)=-2.4053524672e-001; w1(4,1)=-3.8779351308e-001; w1(4,2)=5.6923841125e-001; w1(4,3)=1.7842192731e-001; w1(4,4)=1.1588327638e+000; 
w10(5,1)=3.6343541536e-002; w1(5,1)=1.3518127506e+000; w1(5,2)=3.2728223497e-001; w1(5,3)=1.0693177069e-001; w1(5,4)=-6.3503408087e-001; 
w10(6,1)=9.7086349832e-001; w1(6,1)=-3.3869988457e-001; w1(6,2)=9.7852931927e-001; w1(6,3)=1.9942660619e-001; w1(6,4)=8.9900423712e-001; 
w10(7,1)=1.8321221888e-001; w1(7,1)=5.5004660573e-001; w1(7,2)=1.4738038541e+000; w1(7,3)=-7.7394925824e-002; w1(7,4)=2.3809359481e-001; 
w20=-1.6522553726e-001; w2(1)=1.9335985563e-001; w2(2)=-5.8563944685e-002; w2(3)=6.0401371830e-001; w2(4)=4.3109499907e-001; w2(5)=1.0671005957e-001; w2(6)=4.5797883194e-001; w2(7)=1.1225553217e-001; 

