
%liczba neuronów ukrytych: 4, liczba wejœæ sieci: 5
%wejœcie 1: u(k-5)
%wejœcie 2: u(k-6)
%wejœcie 3: u(k-7)
%wejœcie 4: y(k-1)
%wejœcie 5: y(k-2)
%uczenie w trybie OE
w10(1,1)=4.6398821111e-002; w1(1,1)=7.9603310042e-001; w1(1,2)=1.8132251911e+000; w1(1,3)=1.7363320425e+000; w1(1,4)=-9.9302345545e-001; w1(1,5)=-5.4180594957e-001; 
w10(2,1)=-5.8045052199e-001; w1(2,1)=-9.2649543296e-002; w1(2,2)=9.4979254015e-002; w1(2,3)=-4.0597998254e-001; w1(2,4)=-1.7613751419e+000; w1(2,5)=1.1882838357e-001; 
w10(3,1)=3.3895395534e-001; w1(3,1)=2.2187701099e-001; w1(3,2)=1.8427641403e-001; w1(3,3)=-7.8201528533e-001; w1(3,4)=-1.2739141890e-002; w1(3,5)=1.3151796278e-001; 
w10(4,1)=1.6372461841e-001; w1(4,1)=1.3230519859e-002; w1(4,2)=-3.1288128773e-002; w1(4,3)=3.6018654008e-001; w1(4,4)=3.8611470086e-001; w1(4,5)=-1.4873697819e+000; 
w20=1.6763939779e-002; w2(1)=4.9130524979e-002; w2(2)=-2.8796392891e-001; w2(3)=-2.6345404248e-001; w2(4)=-5.0812983495e-001; 

