
%liczba neuronów ukrytych: 6, liczba wejœæ sieci: 5
%wejœcie 1: u(k-5)
%wejœcie 2: u(k-6)
%wejœcie 3: u(k-7)
%wejœcie 4: y(k-1)
%wejœcie 5: y(k-2)
%uczenie w trybie OE
w10(1,1)=-1.8418228636e-001; w1(1,1)=3.9543672599e-002; w1(1,2)=4.4979570590e-003; w1(1,3)=-1.0007571232e-001; w1(1,4)=-5.0864095778e-001; w1(1,5)=-9.0870775012e-001; 
w10(2,1)=-4.0415188746e-001; w1(2,1)=-4.3343703570e-001; w1(2,2)=-4.4811160246e-001; w1(2,3)=-4.7736193385e-001; w1(2,4)=-8.2749017889e-003; w1(2,5)=1.4651631541e+000; 
w10(3,1)=-6.3609323781e-001; w1(3,1)=3.2567422083e-002; w1(3,2)=1.6330520858e-001; w1(3,3)=4.7779984591e-002; w1(3,4)=-1.8834863034e-001; w1(3,5)=-1.1910508546e+000; 
w10(4,1)=4.3348881420e-001; w1(4,1)=-6.3422162998e-002; w1(4,2)=1.8102394473e-001; w1(4,3)=6.9598440119e-001; w1(4,4)=2.9499728540e-001; w1(4,5)=7.8847987895e-001; 
w10(5,1)=-3.9421727061e-001; w1(5,1)=-2.5306310888e-002; w1(5,2)=-1.4877652894e-001; w1(5,3)=-3.3039192561e-001; w1(5,4)=5.7714125280e-001; w1(5,5)=5.4117803554e-001; 
w10(6,1)=1.3316037829e-001; w1(6,1)=3.9710821110e-001; w1(6,2)=6.5873054280e-001; w1(6,3)=8.5627372046e-001; w1(6,4)=-5.2921056134e-001; w1(6,5)=-6.1493682637e-001; 
w20=-5.8759828919e-002; w2(1)=-2.6436109610e-001; w2(2)=1.5672175002e-001; w2(3)=-6.1677970803e-002; w2(4)=2.2278346781e-001; w2(5)=1.9623434536e-001; w2(6)=1.3914019368e-001; 

