
%liczba neuronów ukrytych: 1, liczba wejœæ sieci: 4
%wejœcie 1: u(k-5)
%wejœcie 2: u(k-6)
%wejœcie 3: y(k-1)
%wejœcie 4: y(k-2)
%uczenie w trybie OE
w10(1,1)=2.8734197332e-001; w1(1,1)=-1.0227576320e-001; w1(1,2)=2.1836791439e-001; w1(1,3)=9.7038473909e-001; w1(1,4)=3.1542354887e-001; 
w20=-2.0607946859e-001; w2(1)=7.4393834320e-001; 

