
%liczba neuronów ukrytych: 4, liczba wejœæ sieci: 4
%wejœcie 1: u(k-5)
%wejœcie 2: u(k-6)
%wejœcie 3: y(k-1)
%wejœcie 4: y(k-2)
%uczenie w trybie OE
w10(1,1)=1.4860975897e-002; w1(1,1)=-1.0550255200e-001; w1(1,2)=-5.8745220283e-002; w1(1,3)=-3.1704436376e-002; w1(1,4)=4.2780151807e-002; 
w10(2,1)=-4.4221179454e-002; w1(2,1)=-2.1791939782e-001; w1(2,2)=-3.0178297339e-001; w1(2,3)=-9.5009138901e-002; w1(2,4)=-9.6093282107e-002; 
w10(3,1)=-3.4395430882e-002; w1(3,1)=-3.1501686199e-002; w1(3,2)=1.0528394043e-002; w1(3,3)=7.5956277054e-002; w1(3,4)=1.4882625933e-002; 
w10(4,1)=-1.3321682056e-001; w1(4,1)=-2.6880580918e-001; w1(4,2)=-3.0982631492e-001; w1(4,3)=-9.8634974857e-002; w1(4,4)=-2.1483133061e-001; 
w20=-1.4023102078e-001; w2(1)=-8.3086008155e-002; w2(2)=-3.5044771893e-001; w2(3)=1.5915230169e-002; w2(4)=-4.1541222421e-001; 

