
%liczba neuronów ukrytych: 3, liczba wejœæ sieci: 4
%wejœcie 1: u(k-5)
%wejœcie 2: u(k-6)
%wejœcie 3: y(k-1)
%wejœcie 4: y(k-2)
%uczenie w trybie OE
w10(1,1)=2.1158611134e-001; w1(1,1)=8.3176551207e-002; w1(1,2)=4.8789570336e-001; w1(1,3)=2.4189817473e-001; w1(1,4)=-1.1175431312e+000; 
w10(2,1)=3.6733363985e-001; w1(2,1)=-4.1752753667e-001; w1(2,2)=9.9955222192e-001; w1(2,3)=6.5590590260e-001; w1(2,4)=6.4196733650e-001; 
w10(3,1)=-1.4626010540e-001; w1(3,1)=1.2487086064e+000; w1(3,2)=8.2194155265e-001; w1(3,3)=-6.2416521636e-001; w1(3,4)=-1.4550432444e+000; 
w20=-3.7955003163e-002; w2(1)=-5.7815097648e-001; w2(2)=4.9752593950e-001; w2(3)=1.1157247966e-001; 

