
%liczba neuronów ukrytych: 6, liczba wejœæ sieci: 4
%wejœcie 1: u(k-5)
%wejœcie 2: u(k-6)
%wejœcie 3: y(k-1)
%wejœcie 4: y(k-2)
%uczenie w trybie OE
w10(1,1)=4.8434156946e-001; w1(1,1)=5.9104067277e-001; w1(1,2)=-5.9658502825e-001; w1(1,3)=-2.8530020843e-001; w1(1,4)=-1.7358601822e+000; 
w10(2,1)=-1.1600314881e-001; w1(2,1)=-3.3192501671e-001; w1(2,2)=-6.6221511927e-001; w1(2,3)=3.1472063516e-001; w1(2,4)=-1.1559399413e-001; 
w10(3,1)=-7.2407345304e-001; w1(3,1)=2.7415429252e-001; w1(3,2)=-6.2011136567e-001; w1(3,3)=-3.4855712448e-001; w1(3,4)=-1.0007617498e+000; 
w10(4,1)=-1.1566181590e-001; w1(4,1)=-5.5014615589e-001; w1(4,2)=-1.6987829699e+000; w1(4,3)=6.1567018171e-001; w1(4,4)=-2.3495378894e-001; 
w10(5,1)=-2.4302170707e-002; w1(5,1)=6.1947748553e-001; w1(5,2)=2.4711161514e-002; w1(5,3)=2.6333386529e-001; w1(5,4)=-4.7786460150e-001; 
w10(6,1)=-3.0847276270e-001; w1(6,1)=8.4810990690e-001; w1(6,2)=-5.0270343262e-001; w1(6,3)=2.8431437830e-002; w1(6,4)=-1.0229268923e+000; 
w20=-1.8454601132e-001; w2(1)=-2.2773989502e-001; w2(2)=5.8590686229e-001; w2(3)=-5.1563652291e-001; w2(4)=-1.7190597375e-001; w2(5)=4.2716795174e-001; w2(6)=-8.5787515070e-002; 

