
%liczba neuronów ukrytych: 8, liczba wejœæ sieci: 5
%wejœcie 1: u(k-5)
%wejœcie 2: u(k-6)
%wejœcie 3: u(k-7)
%wejœcie 4: y(k-1)
%wejœcie 5: y(k-2)
%uczenie w trybie OE
w10(1,1)=7.6196360444e-001; w1(1,1)=4.4309220191e-001; w1(1,2)=4.2938671068e-001; w1(1,3)=6.4398960349e-001; w1(1,4)=-9.2741178352e-002; w1(1,5)=4.8243430183e-002; 
w10(2,1)=1.8923623299e-001; w1(2,1)=5.3076035523e-001; w1(2,2)=5.5518057583e-001; w1(2,3)=1.1323164209e+000; w1(2,4)=-2.1572389618e-001; w1(2,5)=-4.3120624043e-002; 
w10(3,1)=4.7596300856e-001; w1(3,1)=5.0249550354e-001; w1(3,2)=2.9156099054e-001; w1(3,3)=-4.0622700321e-001; w1(3,4)=2.2606657785e-001; w1(3,5)=3.5939005133e-001; 
w10(4,1)=3.0953449307e-001; w1(4,1)=2.9260787954e-001; w1(4,2)=1.3354908659e-001; w1(4,3)=-2.7813711057e-001; w1(4,4)=-2.4757483191e-002; w1(4,5)=-1.0364000755e+000; 
w10(5,1)=-7.1862991978e-001; w1(5,1)=3.3730119513e-001; w1(5,2)=-2.0317855212e-001; w1(5,3)=-1.0231267046e+000; w1(5,4)=-1.0693724671e-001; w1(5,5)=-9.7255984184e-001; 
w10(6,1)=-1.0019878504e-001; w1(6,1)=2.0704915795e-001; w1(6,2)=4.2277753638e-001; w1(6,3)=4.8966115084e-001; w1(6,4)=2.7979772703e-001; w1(6,5)=1.2473902799e-001; 
w10(7,1)=2.0627782561e-001; w1(7,1)=-1.3272005562e-001; w1(7,2)=-1.2144210560e-001; w1(7,3)=3.8154020794e-001; w1(7,4)=4.5072643097e-001; w1(7,5)=7.8849259296e-001; 
w10(8,1)=-2.9676975288e-001; w1(8,1)=-1.5972371958e-001; w1(8,2)=-3.8806854697e-001; w1(8,3)=-6.0335443153e-001; w1(8,4)=2.1416180106e-001; w1(8,5)=-3.9019601771e-001; 
w20=-1.2342453377e-001; w2(1)=-2.5625279253e-001; w2(2)=1.5310885843e-001; w2(3)=3.4359837357e-001; w2(4)=-3.7399674187e-001; w2(5)=-1.9917771507e-001; w2(6)=-2.0825628192e-001; w2(7)=2.0057712585e-001; w2(8)=-1.2365402612e-001; 

