
%liczba neuronów ukrytych: 4, liczba wejœæ sieci: 4
%wejœcie 1: u(k-5)
%wejœcie 2: u(k-6)
%wejœcie 3: y(k-1)
%wejœcie 4: y(k-2)
%uczenie w trybie ARX
w10(1,1)=1.0459336705e-001; w1(1,1)=1.9734256486e-001; w1(1,2)=3.4241475417e-002; w1(1,3)=2.1835605434e-001; w1(1,4)=7.9028841696e-002; 
w10(2,1)=1.2292089218e+000; w1(2,1)=-4.3992302480e-002; w1(2,2)=-4.5530531923e-002; w1(2,3)=3.0701419254e-001; w1(2,4)=-1.1512462340e-001; 
w10(3,1)=-6.2434485788e-001; w1(3,1)=-1.6486893198e-002; w1(3,2)=-1.4057163994e-001; w1(3,3)=2.0710019234e-001; w1(3,4)=5.8291811507e-002; 
w10(4,1)=-1.9549430926e-001; w1(4,1)=2.2260455831e-002; w1(4,2)=-4.6045965008e-001; w1(4,3)=-9.6644085128e-001; w1(4,4)=3.9281239509e-001; 
w20=9.1669876923e-002; w2(1)=2.9481909299e-001; w2(2)=1.2802731036e+000; w2(3)=2.3916645846e+000; w2(4)=-6.5044315556e-001; 

