
%liczba neuronów ukrytych: 6, liczba wejœæ sieci: 5
%wejœcie 1: u(k-5)
%wejœcie 2: u(k-6)
%wejœcie 3: u(k-7)
%wejœcie 4: y(k-1)
%wejœcie 5: y(k-2)
%uczenie w trybie OE
w10(1,1)=-6.3387293595e-001; w1(1,1)=-6.5814430272e-001; w1(1,2)=-1.4485316498e+000; w1(1,3)=-1.5772792946e+000; w1(1,4)=2.0336549777e-001; w1(1,5)=-6.8346117663e-002; 
w10(2,1)=-8.6468871897e-002; w1(2,1)=-4.6789672386e-001; w1(2,2)=-7.5511427785e-004; w1(2,3)=-1.4260529119e-001; w1(2,4)=-9.2822732899e-001; w1(2,5)=2.1965607553e+000; 
w10(3,1)=2.5035912434e-001; w1(3,1)=-8.9379174516e-001; w1(3,2)=-3.6714966247e-001; w1(3,3)=-7.0287888477e-001; w1(3,4)=4.1247491257e-001; w1(3,5)=1.2747886625e+000; 
w10(4,1)=4.0137610994e-001; w1(4,1)=1.2951649598e-001; w1(4,2)=4.7330168683e-003; w1(4,3)=3.5266784140e-001; w1(4,4)=8.4821923455e-001; w1(4,5)=5.2687627650e-001; 
w10(5,1)=-3.6770775883e-001; w1(5,1)=-4.3492386599e-002; w1(5,2)=1.0693783270e-001; w1(5,3)=-9.7604208981e-002; w1(5,4)=-3.8469250081e-001; w1(5,5)=1.5157190368e-002; 
w10(6,1)=1.1507547418e-001; w1(6,1)=4.1035640466e-001; w1(6,2)=1.0889654223e-001; w1(6,3)=2.3538259932e-001; w1(6,4)=-2.7370968033e-001; w1(6,5)=-2.1421519542e-001; 
w20=-1.4823273108e-001; w2(1)=-2.7977922213e-002; w2(2)=3.8104623991e-001; w2(3)=-1.0850739632e-001; w2(4)=3.7254081930e-001; w2(5)=-1.5604025511e-001; w2(6)=-3.0698499705e-002; 

