
%liczba neuronów ukrytych: 9, liczba wejœæ sieci: 4
%wejœcie 1: u(k-5)
%wejœcie 2: u(k-6)
%wejœcie 3: y(k-1)
%wejœcie 4: y(k-2)
%uczenie w trybie OE
w10(1,1)=-1.3818946449e-001; w1(1,1)=-7.8398248393e-001; w1(1,2)=-2.0186109113e+000; w1(1,3)=-5.2091209907e-001; w1(1,4)=-1.3364856831e+000; 
w10(2,1)=4.4574779177e-002; w1(2,1)=-2.8793700362e-001; w1(2,2)=-1.6925004629e-001; w1(2,3)=4.8579933632e-001; w1(2,4)=4.0728181160e-001; 
w10(3,1)=7.5467666846e-002; w1(3,1)=2.0051396725e-001; w1(3,2)=-2.6601638737e-001; w1(3,3)=3.2170575314e-001; w1(3,4)=6.1203144551e-002; 
w10(4,1)=1.2077608247e-001; w1(4,1)=-4.0802082113e-001; w1(4,2)=-1.0473511780e+000; w1(4,3)=6.4286425254e-002; w1(4,4)=-4.0440876910e-001; 
w10(5,1)=-7.9141616203e-002; w1(5,1)=-2.3405243549e-001; w1(5,2)=1.3360126544e-001; w1(5,3)=1.5846445470e-001; w1(5,4)=7.2434165574e-001; 
w10(6,1)=-4.2332286574e-001; w1(6,1)=4.5589516182e-001; w1(6,2)=-1.0917807391e+000; w1(6,3)=-7.3012025738e-002; w1(6,4)=-1.1878190032e+000; 
w10(7,1)=2.9621894004e-001; w1(7,1)=-1.5699842117e+000; w1(7,2)=6.2027949902e-002; w1(7,3)=-1.8303982942e-002; w1(7,4)=1.2558767687e+000; 
w10(8,1)=-4.2002063290e-001; w1(8,1)=3.7235300141e-001; w1(8,2)=-9.5496781102e-001; w1(8,3)=-1.0095254288e-001; w1(8,4)=-9.8193752985e-001; 
w10(9,1)=1.1704007704e-001; w1(9,1)=-8.0030636425e-001; w1(9,2)=6.2759445112e-001; w1(9,3)=-3.0863946690e-001; w1(9,4)=7.9811529911e-001; 
w20=-1.2263347746e-001; w2(1)=-3.0732800550e-002; w2(2)=5.0415952494e-001; w2(3)=1.6178332454e-001; w2(4)=7.9012966461e-002; w2(5)=1.7132233068e-001; w2(6)=-3.0330554713e-001; w2(7)=-1.9397967103e-001; w2(8)=-4.1538888850e-002; w2(9)=6.4106131524e-002; 

