
%liczba neuronów ukrytych: 6, liczba wejœæ sieci: 5
%wejœcie 1: u(k-5)
%wejœcie 2: u(k-6)
%wejœcie 3: u(k-7)
%wejœcie 4: y(k-1)
%wejœcie 5: y(k-2)
%uczenie w trybie OE
w10(1,1)=-7.5932686951e-001; w1(1,1)=-1.8231068590e-002; w1(1,2)=-6.3365934439e-002; w1(1,3)=-4.0563349469e-001; w1(1,4)=4.6833676213e-001; w1(1,5)=5.0102631458e-001; 
w10(2,1)=-3.8310055115e-001; w1(2,1)=-1.3384808921e-001; w1(2,2)=-1.4179483034e-001; w1(2,3)=-1.4514408567e-001; w1(2,4)=-4.0505969198e-001; w1(2,5)=-5.1074982262e-001; 
w10(3,1)=5.4431231680e-001; w1(3,1)=3.6113747611e-001; w1(3,2)=4.9364210222e-001; w1(3,3)=4.6585776367e-001; w1(3,4)=-8.2557247510e-002; w1(3,5)=-3.9383424488e-001; 
w10(4,1)=4.6847372316e-001; w1(4,1)=8.8871719512e-001; w1(4,2)=3.5649670914e-001; w1(4,3)=-5.6662035379e-001; w1(4,4)=3.7507718438e-001; w1(4,5)=-1.3367054737e+000; 
w10(5,1)=-1.6877308703e-001; w1(5,1)=-1.1456376719e-001; w1(5,2)=-7.4904822901e-001; w1(5,3)=-2.1042342499e+000; w1(5,4)=8.0190720837e-001; w1(5,5)=-4.9734762936e-001; 
w10(6,1)=9.4681922070e-002; w1(6,1)=9.8800040545e-002; w1(6,2)=3.3073250063e-002; w1(6,3)=2.6524538355e-002; w1(6,4)=3.3571754099e-001; w1(6,5)=-7.6485503697e-001; 
w20=1.6749039970e-002; w2(1)=2.2349185909e-001; w2(2)=-5.7528265461e-001; w2(3)=-3.3831622076e-002; w2(4)=-9.4548420318e-002; w2(5)=-6.5965509328e-002; w2(6)=-3.9198197314e-001; 

