
%liczba neuronów ukrytych: 5, liczba wejœæ sieci: 5
%wejœcie 1: u(k-5)
%wejœcie 2: u(k-6)
%wejœcie 3: u(k-7)
%wejœcie 4: y(k-1)
%wejœcie 5: y(k-2)
%uczenie w trybie OE
w10(1,1)=-3.3552343171e-001; w1(1,1)=5.7039571730e-001; w1(1,2)=6.3640512765e-001; w1(1,3)=1.7653942163e-001; w1(1,4)=-2.4814586624e-001; w1(1,5)=-1.3345007371e+000; 
w10(2,1)=-2.6378744950e-001; w1(2,1)=6.0628379803e-002; w1(2,2)=9.0554574128e-002; w1(2,3)=-8.7684696207e-002; w1(2,4)=-3.0942167838e-001; w1(2,5)=-5.9036027561e-001; 
w10(3,1)=3.8021271548e-001; w1(3,1)=-2.3921593380e-001; w1(3,2)=4.8313206961e-001; w1(3,3)=8.9847867318e-001; w1(3,4)=-3.6600916132e-001; w1(3,5)=1.3743765726e+000; 
w10(4,1)=1.4028277520e-002; w1(4,1)=-4.4588909944e-001; w1(4,2)=-2.8536250899e-001; w1(4,3)=1.3346298870e-001; w1(4,4)=4.6986224500e-003; w1(4,5)=1.1510200978e+000; 
w10(5,1)=9.0247417963e-002; w1(5,1)=4.5322222725e-001; w1(5,2)=8.7760614680e-003; w1(5,3)=-1.3620534450e+000; w1(5,4)=6.0677200651e-001; w1(5,5)=-2.7899087435e-001; 
w20=-1.4654335122e-001; w2(1)=2.8457712865e-001; w2(2)=-4.2602817587e-001; w2(3)=2.9089608339e-001; w2(4)=4.9124950569e-001; w2(5)=1.8338968308e-001; 

