
%liczba neuronów ukrytych: 4, liczba wejœæ sieci: 5
%wejœcie 1: u(k-5)
%wejœcie 2: u(k-6)
%wejœcie 3: u(k-7)
%wejœcie 4: y(k-1)
%wejœcie 5: y(k-2)
%uczenie w trybie OE
w10(1,1)=1.7353964422e-001; w1(1,1)=-6.0453015151e-002; w1(1,2)=-2.2095080913e-001; w1(1,3)=-7.5290500700e-002; w1(1,4)=-4.8391209973e-001; w1(1,5)=9.0243537582e-001; 
w10(2,1)=-3.0589649983e-001; w1(2,1)=-9.8704756258e-002; w1(2,2)=-1.6587704121e-001; w1(2,3)=-4.7485976686e-001; w1(2,4)=-2.8840440406e-001; w1(2,5)=-2.6851678446e-001; 
w10(3,1)=-1.4908597710e-002; w1(3,1)=-3.1832066004e-001; w1(3,2)=3.9510420945e-001; w1(3,3)=-3.3096525478e-002; w1(3,4)=-4.7316061784e-001; w1(3,5)=-8.3415107814e-001; 
w10(4,1)=5.7563216859e-001; w1(4,1)=4.2734662371e-001; w1(4,2)=-1.2553400183e-001; w1(4,3)=4.8970127520e-001; w1(4,4)=-1.4574039078e-001; w1(4,5)=-7.1515481144e-001; 
w20=2.5350729536e-002; w2(1)=1.3016071557e-001; w2(2)=-6.4045063131e-001; w2(3)=-1.6751497034e-001; w2(4)=-4.6360711461e-001; 

