
%liczba neuronów ukrytych: 3, liczba wejœæ sieci: 5
%wejœcie 1: u(k-5)
%wejœcie 2: u(k-6)
%wejœcie 3: u(k-7)
%wejœcie 4: y(k-1)
%wejœcie 5: y(k-2)
%uczenie w trybie OE
w10(1,1)=1.8369054174e-002; w1(1,1)=7.4278770033e-001; w1(1,2)=-8.4514405122e-001; w1(1,3)=-3.4183084092e+000; w1(1,4)=5.3180412137e-001; w1(1,5)=4.8933632536e-001; 
w10(2,1)=-4.0837443878e-001; w1(2,1)=-1.6454822285e-002; w1(2,2)=-2.1586305486e-001; w1(2,3)=-1.3472899354e-001; w1(2,4)=-8.0055866840e-001; w1(2,5)=-3.6694091958e-001; 
w10(3,1)=3.3820870298e-001; w1(3,1)=6.0347446218e-002; w1(3,2)=2.1581944287e-001; w1(3,3)=1.3372553872e-001; w1(3,4)=2.6683690747e-001; w1(3,5)=-1.1319638529e+000; 
w20=-5.5919005229e-002; w2(1)=-5.6025795345e-002; w2(2)=-5.2250805937e-001; w2(3)=-4.4526787256e-001; 

