
%liczba neuronów ukrytych: 10, liczba wejœæ sieci: 4
%wejœcie 1: u(k-5)
%wejœcie 2: u(k-6)
%wejœcie 3: y(k-1)
%wejœcie 4: y(k-2)
%uczenie w trybie OE
w10(1,1)=-7.0601588766e-002; w1(1,1)=6.0899953465e-001; w1(1,2)=-5.6433418401e-001; w1(1,3)=4.6036949976e-001; w1(1,4)=-5.9798072594e-001; 
w10(2,1)=-4.7622262621e-002; w1(2,1)=8.6003393088e-002; w1(2,2)=-9.8340235651e-001; w1(2,3)=1.8946850847e-001; w1(2,4)=-5.1352710328e-001; 
w10(3,1)=8.8521190854e-002; w1(3,1)=-2.0947609255e-001; w1(3,2)=-6.5803300018e-001; w1(3,3)=3.2783215805e-001; w1(3,4)=3.0581427344e-001; 
w10(4,1)=5.7413581875e-003; w1(4,1)=1.8184677964e-001; w1(4,2)=-1.6771576345e-001; w1(4,3)=4.7444592868e-001; w1(4,4)=-2.2325069521e-001; 
w10(5,1)=-2.6494367288e-001; w1(5,1)=4.6609884396e-001; w1(5,2)=-6.5037043386e-001; w1(5,3)=3.4178508253e-001; w1(5,4)=-5.9759962436e-001; 
w10(6,1)=2.1798709329e-001; w1(6,1)=7.3517411040e-001; w1(6,2)=1.2333388319e+000; w1(6,3)=-1.0461995913e-001; w1(6,4)=4.5694848182e-001; 
w10(7,1)=-6.2108272726e-002; w1(7,1)=2.3429882408e-001; w1(7,2)=-2.8755472585e-001; w1(7,3)=-3.2971885226e-001; w1(7,4)=-4.0004101591e-001; 
w10(8,1)=2.5566886767e-001; w1(8,1)=-4.5047188709e-001; w1(8,2)=2.6362171795e-001; w1(8,3)=2.1714237944e-001; w1(8,4)=3.0826514810e-001; 
w10(9,1)=4.6646701642e-001; w1(9,1)=-3.5988922304e-001; w1(9,2)=7.4153444997e-001; w1(9,3)=2.7675376064e-001; w1(9,4)=8.5239321789e-001; 
w10(10,1)=6.6537961393e-001; w1(10,1)=8.0902397546e-001; w1(10,2)=-1.2630449476e-001; w1(10,3)=-1.2048207779e-001; w1(10,4)=-1.0587059340e+000; 
w20=-1.0668456587e-001; w2(1)=2.6818287392e-001; w2(2)=1.1024398975e-001; w2(3)=-9.3334226178e-002; w2(4)=5.8095844323e-001; w2(5)=1.8642574897e-002; w2(6)=8.9162294493e-002; w2(7)=-4.7431613339e-001; w2(8)=3.8860265905e-001; w2(9)=2.0589890974e-001; w2(10)=-1.6172048915e-001; 

