
%liczba neuronów ukrytych: 10, liczba wejœæ sieci: 4
%wejœcie 1: u(k-5)
%wejœcie 2: u(k-6)
%wejœcie 3: y(k-1)
%wejœcie 4: y(k-2)
%uczenie w trybie OE
w10(1,1)=-6.3656330219e-001; w1(1,1)=-3.0574767290e-001; w1(1,2)=-2.4501933418e-001; w1(1,3)=-3.9735864075e-001; w1(1,4)=-2.7766209757e-001; 
w10(2,1)=1.0456418157e-001; w1(2,1)=2.6132146388e-001; w1(2,2)=-3.2748116074e-001; w1(2,3)=-1.3217631588e-001; w1(2,4)=-7.8350947320e-001; 
w10(3,1)=-4.8450280201e-001; w1(3,1)=-2.9684096808e-001; w1(3,2)=-5.8531212806e-001; w1(3,3)=3.9463721230e-001; w1(3,4)=1.0854550798e-001; 
w10(4,1)=1.5754665790e-001; w1(4,1)=5.9459198528e-002; w1(4,2)=-1.3103819792e-001; w1(4,3)=-2.7116041921e-002; w1(4,4)=-1.6969117628e-001; 
w10(5,1)=-1.8338796283e-001; w1(5,1)=4.9544379053e-001; w1(5,2)=-2.7057988207e-001; w1(5,3)=7.4520868798e-002; w1(5,4)=-4.6746421755e-001; 
w10(6,1)=-1.5085533172e-001; w1(6,1)=2.1679090545e-002; w1(6,2)=3.9175748777e-002; w1(6,3)=-1.9147900287e-001; w1(6,4)=-1.7097786539e-001; 
w10(7,1)=-4.2026235352e-002; w1(7,1)=-3.5613515688e-001; w1(7,2)=-1.1735737006e+000; w1(7,3)=5.7912347317e-001; w1(7,4)=8.8751459703e-002; 
w10(8,1)=2.8965036193e-002; w1(8,1)=8.5808397498e-001; w1(8,2)=7.7381374850e-001; w1(8,3)=3.2053062080e-001; w1(8,4)=5.5570629381e-002; 
w10(9,1)=-2.5953491810e-001; w1(9,1)=3.0087927195e-001; w1(9,2)=-5.8711718449e-001; w1(9,3)=-2.9609375500e-001; w1(9,4)=-1.1211307463e+000; 
w10(10,1)=-1.3922930524e-001; w1(10,1)=-4.5024268374e-002; w1(10,2)=4.4205305157e-001; w1(10,3)=-2.7117171008e-001; w1(10,4)=2.4447603828e-001; 
w20=-2.2062441796e-001; w2(1)=-3.7670365644e-001; w2(2)=-2.0847623664e-001; w2(3)=2.9314398232e-001; w2(4)=-1.7038624417e-003; w2(5)=-1.0282390669e-001; w2(6)=-1.8427854586e-001; w2(7)=-1.4738101197e-001; w2(8)=3.3015936336e-002; w2(9)=-2.5588035081e-001; w2(10)=-3.2486762166e-001; 

