
%liczba neuronów ukrytych: 3, liczba wejœæ sieci: 4
%wejœcie 1: u(k-5)
%wejœcie 2: u(k-6)
%wejœcie 3: y(k-1)
%wejœcie 4: y(k-2)
%uczenie w trybie OE
w10(1,1)=1.8640890157e-001; w1(1,1)=5.3260534010e-001; w1(1,2)=8.2530130631e-002; w1(1,3)=-8.3068630097e-001; w1(1,4)=-7.0950044991e-001; 
w10(2,1)=4.0135713033e-001; w1(2,1)=-1.0793577643e-001; w1(2,2)=3.3087505418e-001; w1(2,3)=1.0723947088e+000; w1(2,4)=3.7553859198e-001; 
w10(3,1)=1.0059032521e-001; w1(3,1)=-1.7194938050e+000; w1(3,2)=-2.1478427468e+000; w1(3,3)=1.1883151603e+000; w1(3,4)=8.9022039946e-001; 
w20=-1.6177027089e-001; w2(1)=-1.7946440353e-001; w2(2)=5.2349201364e-001; w2(3)=-4.3583630255e-002; 

