
%liczba neuronów ukrytych: 10, liczba wejœæ sieci: 4
%wejœcie 1: u(k-5)
%wejœcie 2: u(k-6)
%wejœcie 3: y(k-1)
%wejœcie 4: y(k-2)
%uczenie w trybie OE
w10(1,1)=3.9224236620e-001; w1(1,1)=-6.0568722239e-002; w1(1,2)=1.2748043115e+000; w1(1,3)=3.1230075251e-001; w1(1,4)=1.4260903628e+000; 
w10(2,1)=-3.8495036218e-001; w1(2,1)=2.3972390605e-001; w1(2,2)=-7.0662506525e-001; w1(2,3)=-4.8912444903e-001; w1(2,4)=-8.5275807564e-001; 
w10(3,1)=-1.0699766374e-001; w1(3,1)=-4.6432440271e-001; w1(3,2)=-1.3596088107e+000; w1(3,3)=9.7536398321e-002; w1(3,4)=7.6590118055e-004; 
w10(4,1)=4.4319175781e-001; w1(4,1)=6.6230745340e-002; w1(4,2)=-8.4383323340e-002; w1(4,3)=2.6378897371e-001; w1(4,4)=1.6719597865e-001; 
w10(5,1)=-3.2027750776e-001; w1(5,1)=-5.2215321273e-002; w1(5,2)=3.2071337297e-002; w1(5,3)=-1.4259589033e-001; w1(5,4)=-9.5734574330e-002; 
w10(6,1)=4.8222290312e-002; w1(6,1)=-1.9183346822e-001; w1(6,2)=1.5402211302e-002; w1(6,3)=2.4213740210e-001; w1(6,4)=5.0965757868e-002; 
w10(7,1)=-5.1269023986e-001; w1(7,1)=-2.0528342635e-001; w1(7,2)=-1.8595796931e-001; w1(7,3)=5.0767116822e-001; w1(7,4)=3.6731770953e-001; 
w10(8,1)=1.7995450796e-001; w1(8,1)=2.6298218899e-001; w1(8,2)=-5.5366534986e-003; w1(8,3)=1.4448106232e-001; w1(8,4)=-1.7254239812e-001; 
w10(9,1)=1.0390653174e-001; w1(9,1)=-1.9709679337e-001; w1(9,2)=-4.7308915965e-002; w1(9,3)=-7.5235824822e-002; w1(9,4)=1.7465609849e-001; 
w10(10,1)=2.0076863381e-001; w1(10,1)=1.4905218846e-001; w1(10,2)=1.5697689220e-001; w1(10,3)=-2.3582577954e-001; w1(10,4)=-1.2997964263e-001; 
w20=-7.8342585118e-002; w2(1)=-5.8413346803e-002; w2(2)=-3.9013325738e-001; w2(3)=-1.0978126775e-001; w2(4)=2.1915532894e-001; w2(5)=-1.6523405531e-001; w2(6)=2.0592910207e-001; w2(7)=3.9156092838e-001; w2(8)=1.6590364838e-001; w2(9)=-5.9575897544e-002; w2(10)=-2.2966904005e-001; 

