
%liczba neuronów ukrytych: 1, liczba wejœæ sieci: 4
%wejœcie 1: u(k-5)
%wejœcie 2: u(k-6)
%wejœcie 3: y(k-1)
%wejœcie 4: y(k-2)
%uczenie w trybie OE
w10(1,1)=-2.8750202722e-001; w1(1,1)=1.0245265443e-001; w1(1,2)=-2.1879414888e-001; w1(1,3)=-9.6800698043e-001; w1(1,4)=-3.1844357723e-001; 
w20=-2.0606145399e-001; w2(1)=-7.4350916311e-001; 

