
%liczba neuronów ukrytych: 1, liczba wejœæ sieci: 4
%wejœcie 1: u(k-5)
%wejœcie 2: u(k-6)
%wejœcie 3: y(k-1)
%wejœcie 4: y(k-2)
%uczenie w trybie OE
w10(1,1)=2.8741900922e-001; w1(1,1)=-1.0233487218e-001; w1(1,2)=2.1851499677e-001; w1(1,3)=9.6957349898e-001; w1(1,4)=3.1647899478e-001; 
w20=-2.0608608164e-001; w2(1)=7.4377592874e-001; 

