
%liczba neuronów ukrytych: 4, liczba wejœæ sieci: 4
%wejœcie 1: u(k-5)
%wejœcie 2: u(k-6)
%wejœcie 3: y(k-1)
%wejœcie 4: y(k-2)
%uczenie w trybie OE
w10(1,1)=-4.6558176611e-002; w1(1,1)=-1.9734209602e-001; w1(1,2)=-3.2485645919e-001; w1(1,3)=-1.6518486934e-002; w1(1,4)=-2.2148982351e-001; 
w10(2,1)=-6.1775815303e-003; w1(2,1)=3.3902727885e-001; w1(2,2)=3.4517886296e-001; w1(2,3)=1.4178643222e-001; w1(2,4)=1.2210336564e-001; 
w10(3,1)=4.2959362837e-002; w1(3,1)=-2.0981252686e-001; w1(3,2)=-1.1053828845e-001; w1(3,3)=-3.0073262362e-002; w1(3,4)=4.3036187658e-002; 
w10(4,1)=-6.1507971276e-002; w1(4,1)=-8.2199793308e-002; w1(4,2)=-1.6209540328e-003; w1(4,3)=7.6039613636e-002; w1(4,4)=2.0070905931e-001; 
w20=-5.4406161639e-002; w2(1)=-3.9082522052e-001; w2(2)=3.0385204031e-001; w2(3)=-6.8273742367e-002; w2(4)=4.2398922068e-001; 

