
%liczba neuronów ukrytych: 3, liczba wejœæ sieci: 4
%wejœcie 1: u(k-5)
%wejœcie 2: u(k-6)
%wejœcie 3: y(k-1)
%wejœcie 4: y(k-2)
%uczenie w trybie OE
w10(1,1)=1.1448616803e-001; w1(1,1)=2.1874530585e-001; w1(1,2)=-1.9766091977e+000; w1(1,3)=7.0089067857e-001; w1(1,4)=6.9315819106e-002; 
w10(2,1)=3.4269870466e-001; w1(2,1)=6.9982004577e-002; w1(2,2)=2.6816335102e-001; w1(2,3)=3.8926969494e-001; w1(2,4)=6.2292972243e-001; 
w10(3,1)=1.0058780628e-002; w1(3,1)=1.0585097033e-001; w1(3,2)=7.3751925506e-001; w1(3,3)=-4.7017137369e-001; w1(3,4)=2.6030634457e-001; 
w20=-2.7171494307e-001; w2(1)=-2.6736050431e-001; w2(2)=9.3796121711e-001; w2(3)=-6.9055879840e-001; 

