
%liczba neuronów ukrytych: 4, liczba wejœæ sieci: 4
%wejœcie 1: u(k-5)
%wejœcie 2: u(k-6)
%wejœcie 3: y(k-1)
%wejœcie 4: y(k-2)
%uczenie w trybie ARX
w10(1,1)=-4.0225838130e-001; w1(1,1)=2.3813035826e-002; w1(1,2)=3.1768136896e-002; w1(1,3)=3.3064157458e-001; w1(1,4)=1.3675483645e-001; 
w10(2,1)=2.5651039740e-001; w1(2,1)=9.3050118703e-002; w1(2,2)=2.5921400110e-001; w1(2,3)=8.5391519200e-001; w1(2,4)=-1.4091383908e-001; 
w10(3,1)=-1.7451512058e-001; w1(3,1)=2.2443204226e-001; w1(3,2)=3.8578612691e-001; w1(3,3)=-4.1736117287e-002; w1(3,4)=-6.5855087378e-002; 
w10(4,1)=3.3992970128e-001; w1(4,1)=-4.6190580618e-001; w1(4,2)=-6.4504115377e-001; w1(4,3)=3.5780168922e-001; w1(4,4)=1.2495796981e-001; 
w20=-1.6261697639e-001; w2(1)=5.3245504590e-001; w2(2)=1.1447917573e+000; w2(3)=-1.3532359416e+000; w2(4)=-4.7170994391e-001; 

