
%liczba neuronów ukrytych: 2, liczba wejœæ sieci: 4
%wejœcie 1: u(k-5)
%wejœcie 2: u(k-6)
%wejœcie 3: y(k-1)
%wejœcie 4: y(k-2)
%uczenie w trybie OE
w10(1,1)=-2.0183470599e-001; w1(1,1)=1.0428714631e+000; w1(1,2)=-2.4283032995e+000; w1(1,3)=-1.9914144094e+000; w1(1,4)=1.9027777974e+000; 
w10(2,1)=-2.1032627695e-001; w1(2,1)=8.4603136983e-003; w1(2,2)=9.1490751715e-002; w1(2,3)=-9.7033984186e-001; w1(2,4)=-2.5000728081e-001; 
w20=-1.8162236840e-001; w2(1)=-1.2493978069e-001; w2(2)=-7.6653378820e-001; 

