
%liczba neuronów ukrytych: 6, liczba wejœæ sieci: 5
%wejœcie 1: u(k-5)
%wejœcie 2: u(k-6)
%wejœcie 3: u(k-7)
%wejœcie 4: y(k-1)
%wejœcie 5: y(k-2)
%uczenie w trybie OE
w10(1,1)=2.8436749969e-002; w1(1,1)=-2.0077092384e-001; w1(1,2)=-1.0090527189e-002; w1(1,3)=2.8065882234e-001; w1(1,4)=9.6289127260e-002; w1(1,5)=2.1036270604e-001; 
w10(2,1)=8.8183626764e-001; w1(2,1)=5.3075964480e-001; w1(2,2)=6.1642941247e-001; w1(2,3)=1.5820280754e-001; w1(2,4)=-3.8283052236e-001; w1(2,5)=-1.4074852283e+000; 
w10(3,1)=1.6465309644e-001; w1(3,1)=-7.9874480901e-002; w1(3,2)=-1.1218058164e-001; w1(3,3)=5.5605811724e-001; w1(3,4)=-2.6058973549e-001; w1(3,5)=-2.7522922317e-001; 
w10(4,1)=2.9039699856e-001; w1(4,1)=-7.2041732649e-001; w1(4,2)=1.4876404840e-002; w1(4,3)=1.0840041130e+000; w1(4,4)=-6.5632190061e-002; w1(4,5)=5.4703706095e-001; 
w10(5,1)=-5.1753264241e-001; w1(5,1)=8.2629233556e-002; w1(5,2)=-6.9593417290e-001; w1(5,3)=-1.9722847566e+000; w1(5,4)=4.4577400715e-001; w1(5,5)=-5.5121445052e-001; 
w10(6,1)=-2.5123579036e-001; w1(6,1)=3.3116150128e-002; w1(6,2)=-6.0621307347e-002; w1(6,3)=-3.8785861616e-001; w1(6,4)=2.4140771008e-001; w1(6,5)=-1.0817469452e+000; 
w20=-1.8381377632e-002; w2(1)=2.1177419100e-001; w2(2)=-1.3638213634e-001; w2(3)=-3.8234240468e-001; w2(4)=-2.3804566508e-002; w2(5)=-7.5521265326e-002; w2(6)=-5.8245470934e-001; 

