
%liczba neuronów ukrytych: 8, liczba wejœæ sieci: 4
%wejœcie 1: u(k-5)
%wejœcie 2: u(k-6)
%wejœcie 3: y(k-1)
%wejœcie 4: y(k-2)
%uczenie w trybie OE
w10(1,1)=4.4317045026e-001; w1(1,1)=3.0450907206e-001; w1(1,2)=-4.6683215474e-001; w1(1,3)=5.8150576834e-001; w1(1,4)=-2.5156130306e-001; 
w10(2,1)=-3.2301215016e-001; w1(2,1)=1.2210446786e+000; w1(2,2)=-6.5284423228e-001; w1(2,3)=4.1622738949e-001; w1(2,4)=-1.0768480487e+000; 
w10(3,1)=3.9603402304e-001; w1(3,1)=-9.0453515252e-001; w1(3,2)=6.5746186973e-001; w1(3,3)=5.0730929927e-002; w1(3,4)=1.4215047230e+000; 
w10(4,1)=-4.0580955170e-001; w1(4,1)=-7.6121135278e-002; w1(4,2)=1.1853254682e+000; w1(4,3)=-5.8066984324e-002; w1(4,4)=1.1017039374e+000; 
w10(5,1)=3.7123455704e-001; w1(5,1)=-1.8123817500e-001; w1(5,2)=6.8761528152e-001; w1(5,3)=1.5747866638e-001; w1(5,4)=4.7151984405e-001; 
w10(6,1)=-4.4801442956e-001; w1(6,1)=7.1834998439e-001; w1(6,2)=-1.3399264399e+000; w1(6,3)=3.7199782288e-001; w1(6,4)=-1.1472200371e+000; 
w10(7,1)=5.0717117138e-001; w1(7,1)=1.9899810876e-001; w1(7,2)=1.9697024245e-001; w1(7,3)=-3.9174093100e-001; w1(7,4)=-1.8670207008e-002; 
w10(8,1)=5.0192692486e-001; w1(8,1)=-6.9695749745e-002; w1(8,2)=-2.7587255334e-001; w1(8,3)=1.3106255886e-001; w1(8,4)=-2.9718892590e-001; 
w20=-1.5709741886e-001; w2(1)=4.9396433489e-001; w2(2)=5.8159525101e-002; w2(3)=-3.4253865399e-002; w2(4)=1.1180604674e-001; w2(5)=1.0591671491e+000; w2(6)=1.3586187540e-001; w2(7)=-9.6604878599e-001; w2(8)=3.4163091367e-001; 

