
%liczba neuronów ukrytych: 9, liczba wejœæ sieci: 4
%wejœcie 1: u(k-5)
%wejœcie 2: u(k-6)
%wejœcie 3: y(k-1)
%wejœcie 4: y(k-2)
%uczenie w trybie OE
w10(1,1)=-2.3152626405e-001; w1(1,1)=5.8058922758e-001; w1(1,2)=-9.9180971418e-001; w1(1,3)=7.0448290943e-002; w1(1,4)=-7.6210984015e-001; 
w10(2,1)=-2.0084624525e-001; w1(2,1)=-2.2702296967e-001; w1(2,2)=1.1180595053e+000; w1(2,3)=-2.5587414811e-001; w1(2,4)=6.8510202264e-001; 
w10(3,1)=4.2664513900e-001; w1(3,1)=1.7461843788e-001; w1(3,2)=1.0658094359e+000; w1(3,3)=1.2123665994e-001; w1(3,4)=8.1180849088e-001; 
w10(4,1)=2.6964878874e-001; w1(4,1)=-6.4952584760e-001; w1(4,2)=8.9265892921e-001; w1(4,3)=-5.0829057509e-001; w1(4,4)=4.8826361379e-001; 
w10(5,1)=4.0014252313e-002; w1(5,1)=-2.8611333626e-001; w1(5,2)=6.2148900711e-002; w1(5,3)=-7.0198334104e-001; w1(5,4)=-9.1675379394e-002; 
w10(6,1)=-1.7864182383e-001; w1(6,1)=-2.2647501197e-001; w1(6,2)=8.9005913665e-001; w1(6,3)=-4.2536370113e-001; w1(6,4)=5.7688583866e-001; 
w10(7,1)=1.5900200449e-003; w1(7,1)=5.7762807770e-001; w1(7,2)=1.6751264687e-002; w1(7,3)=-2.5506951757e-002; w1(7,4)=-6.0537920115e-001; 
w10(8,1)=1.7987871327e-001; w1(8,1)=-2.7993965504e-001; w1(8,2)=-9.4311258794e-001; w1(8,3)=4.4544499420e-001; w1(8,4)=2.4237046234e-001; 
w10(9,1)=1.4123173710e-001; w1(9,1)=4.7681197883e-001; w1(9,2)=5.9024771892e-002; w1(9,3)=-3.0314938580e-001; w1(9,4)=-2.7957542590e-001; 
w20=-1.5854798422e-003; w2(1)=-5.2006001612e-001; w2(2)=-1.5253366093e-001; w2(3)=7.9488386115e-002; w2(4)=-1.9741419824e-001; w2(5)=-5.5666803978e-001; w2(6)=-2.8175646490e-001; w2(7)=5.5495937476e-002; w2(8)=-3.2417945336e-001; w2(9)=-6.8900704219e-001; 

