
%liczba neuronów ukrytych: 7, liczba wejœæ sieci: 4
%wejœcie 1: u(k-5)
%wejœcie 2: u(k-6)
%wejœcie 3: y(k-1)
%wejœcie 4: y(k-2)
%uczenie w trybie OE
w10(1,1)=-1.1167160892e-001; w1(1,1)=9.7032090748e-001; w1(1,2)=-7.3570894501e-001; w1(1,3)=-1.5816698497e-001; w1(1,4)=-9.9348355805e-001; 
w10(2,1)=6.0617766378e-001; w1(2,1)=9.7838981520e-002; w1(2,2)=3.0098145810e-001; w1(2,3)=5.6196379904e-002; w1(2,4)=9.3432711546e-002; 
w10(3,1)=4.7098497439e-001; w1(3,1)=5.3097197254e-001; w1(3,2)=1.5194630557e+000; w1(3,3)=-6.2552489983e-001; w1(3,4)=-1.1754257553e-001; 
w10(4,1)=2.6703763035e-002; w1(4,1)=1.1347548722e-001; w1(4,2)=-1.0973154716e+000; w1(4,3)=2.1939982991e-001; w1(4,4)=-7.2774560534e-001; 
w10(5,1)=-2.9760382295e-001; w1(5,1)=-5.7840442449e-002; w1(5,2)=-6.3166378332e-001; w1(5,3)=-3.6058588575e-001; w1(5,4)=-7.7901580569e-001; 
w10(6,1)=1.7145727984e-001; w1(6,1)=1.5769530928e+000; w1(6,2)=3.0002756508e-001; w1(6,3)=4.4193347325e-002; w1(6,4)=-1.0479436848e+000; 
w10(7,1)=-3.3544558162e-001; w1(7,1)=-9.7628372993e-001; w1(7,2)=-1.7394235413e-001; w1(7,3)=1.0266157208e-001; w1(7,4)=7.8185454797e-001; 
w20=-2.1841230854e-001; w2(1)=-3.7779204075e-001; w2(2)=2.0524264935e-001; w2(3)=-1.2129272606e-001; w2(4)=2.3083902620e-001; w2(5)=-5.0172706225e-001; w2(6)=3.0744806215e-001; w2(7)=2.5879613935e-001; 

