
%liczba neuronów ukrytych: 8, liczba wejœæ sieci: 4
%wejœcie 1: u(k-5)
%wejœcie 2: u(k-6)
%wejœcie 3: y(k-1)
%wejœcie 4: y(k-2)
%uczenie w trybie OE
w10(1,1)=5.8870874484e-002; w1(1,1)=-1.4572900923e-002; w1(1,2)=6.8368103436e-002; w1(1,3)=-1.0702639774e-001; w1(1,4)=-1.1080544042e-001; 
w10(2,1)=-8.8343650607e-001; w1(2,1)=-2.6997671770e-001; w1(2,2)=-2.7264682405e-001; w1(2,3)=3.7851431611e-002; w1(2,4)=-8.9190355492e-001; 
w10(3,1)=1.1318574437e-001; w1(3,1)=-6.0759231914e-001; w1(3,2)=3.6641397788e-001; w1(3,3)=-7.6552119554e-001; w1(3,4)=6.3151654860e-001; 
w10(4,1)=-2.9877676749e-001; w1(4,1)=-2.4362909694e-001; w1(4,2)=-2.0826848017e+000; w1(4,3)=1.3375167601e+000; w1(4,4)=-1.3234725362e+000; 
w10(5,1)=-4.3131111655e-001; w1(5,1)=-3.7552497944e-001; w1(5,2)=-3.0816681415e-001; w1(5,3)=-2.4020475856e-001; w1(5,4)=1.8627656008e-001; 
w10(6,1)=-4.8221141519e-002; w1(6,1)=5.7873531276e-003; w1(6,2)=2.0811738652e-001; w1(6,3)=-3.7563365885e-001; w1(6,4)=-7.9861401670e-002; 
w10(7,1)=1.0399542433e+000; w1(7,1)=1.2394069078e+000; w1(7,2)=5.8594641733e-001; w1(7,3)=-3.1314472481e-002; w1(7,4)=-1.1422988563e+000; 
w10(8,1)=1.5122900911e-001; w1(8,1)=-1.4334034181e-001; w1(8,2)=-3.1639628208e-002; w1(8,3)=-9.6211799314e-001; w1(8,4)=-3.8673148483e-001; 
w20=-2.0993033479e-001; w2(1)=-7.0770203089e-002; w2(2)=-5.3828121122e-001; w2(3)=1.3759576472e-001; w2(4)=-9.6883759354e-002; w2(5)=2.6980523559e-001; w2(6)=-1.6852781633e-001; w2(7)=-6.0420038262e-002; w2(8)=-4.0984958249e-001; 

