
%liczba neuronów ukrytych: 10, liczba wejœæ sieci: 5
%wejœcie 1: u(k-5)
%wejœcie 2: u(k-6)
%wejœcie 3: u(k-7)
%wejœcie 4: y(k-1)
%wejœcie 5: y(k-2)
%uczenie w trybie OE
w10(1,1)=-3.3656592773e-001; w1(1,1)=8.0958870686e-001; w1(1,2)=3.3528167175e-002; w1(1,3)=-1.5288280355e+000; w1(1,4)=-3.3658831426e-001; w1(1,5)=-1.2392447503e+000; 
w10(2,1)=-6.6871752052e-001; w1(2,1)=8.0966373659e-001; w1(2,2)=3.4607046406e-003; w1(2,3)=-1.4887450410e+000; w1(2,4)=-1.5294080889e-001; w1(2,5)=-1.4541550866e+000; 
w10(3,1)=-1.6563949014e-001; w1(3,1)=4.9701885378e-001; w1(3,2)=-3.8411300500e-002; w1(3,3)=-8.8078060881e-001; w1(3,4)=6.6387267800e-002; w1(3,5)=-5.7386307714e-001; 
w10(4,1)=3.0458168892e-001; w1(4,1)=-2.9492107339e-001; w1(4,2)=7.2820558811e-002; w1(4,3)=6.6214768589e-001; w1(4,4)=9.8889393110e-002; w1(4,5)=1.3020448287e+000; 
w10(5,1)=1.3349895577e-001; w1(5,1)=4.0369856725e-001; w1(5,2)=2.9543766811e-002; w1(5,3)=-9.8457232464e-001; w1(5,4)=6.5372311138e-002; w1(5,5)=1.7493724148e-002; 
w10(6,1)=2.9786446837e-001; w1(6,1)=4.5259199079e-001; w1(6,2)=4.4853803657e-001; w1(6,3)=3.4249422828e-001; w1(6,4)=-3.3312987320e-001; w1(6,5)=-2.6202005333e-001; 
w10(7,1)=-1.8309909969e-001; w1(7,1)=-2.2955570839e-001; w1(7,2)=-1.1270939149e-001; w1(7,3)=-2.2836426623e-001; w1(7,4)=2.4042144449e-001; w1(7,5)=-4.0371615722e-001; 
w10(8,1)=1.6663418562e-001; w1(8,1)=2.6651404553e-001; w1(8,2)=3.0003860636e-002; w1(8,3)=-2.9454421099e-001; w1(8,4)=-6.3994294767e-002; w1(8,5)=-5.4052370028e-001; 
w10(9,1)=-5.7404966923e-001; w1(9,1)=-5.0568075562e-001; w1(9,2)=-4.1127639051e-001; w1(9,3)=-1.4042406121e-001; w1(9,4)=2.6281606520e-001; w1(9,5)=1.0996906991e+000; 
w10(10,1)=-1.1086408469e-001; w1(10,1)=-7.1252305285e-001; w1(10,2)=-7.9746347843e-001; w1(10,3)=-8.2348147881e-001; w1(10,4)=1.0010644166e-001; w1(10,5)=5.3605177219e-004; 
w20=-6.3493235312e-002; w2(1)=1.9060110888e-001; w2(2)=-1.2546286643e-001; w2(3)=-1.2285854473e-001; w2(4)=3.6705252650e-001; w2(5)=2.8368235112e-001; w2(6)=4.8473421037e-002; w2(7)=-1.3991278985e-001; w2(8)=-3.6071379433e-001; w2(9)=2.0206974643e-001; w2(10)=-9.8624503664e-002; 

