
%liczba neuronów ukrytych: 1, liczba wejœæ sieci: 5
%wejœcie 1: u(k-5)
%wejœcie 2: u(k-6)
%wejœcie 3: u(k-7)
%wejœcie 4: y(k-1)
%wejœcie 5: y(k-2)
%uczenie w trybie OE
w10(1,1)=3.0287735871e-001; w1(1,1)=-4.3345168559e-002; w1(1,2)=7.1518074146e-002; w1(1,3)=1.1177419118e-001; w1(1,4)=8.0192141982e-001; w1(1,5)=5.3163865864e-001; 
w20=-2.0684133412e-001; w2(1)=7.1054451789e-001; 

