
%liczba neuronów ukrytych: 9, liczba wejœæ sieci: 4
%wejœcie 1: u(k-5)
%wejœcie 2: u(k-6)
%wejœcie 3: y(k-1)
%wejœcie 4: y(k-2)
%uczenie w trybie OE
w10(1,1)=-1.0729359520e-001; w1(1,1)=-1.3437361006e-001; w1(1,2)=-9.4185272099e-002; w1(1,3)=4.2302717066e-002; w1(1,4)=-1.5555574943e-001; 
w10(2,1)=8.1456310820e-001; w1(2,1)=1.3120687358e-001; w1(2,2)=2.5988878874e-001; w1(2,3)=-3.8848877217e-001; w1(2,4)=-5.6648056530e-001; 
w10(3,1)=4.5916339129e-002; w1(3,1)=-8.2952322002e-002; w1(3,2)=-9.5035922346e-002; w1(3,3)=1.7294140055e-001; w1(3,4)=2.5492190680e-001; 
w10(4,1)=-2.8443827202e-001; w1(4,1)=-2.9843299973e-001; w1(4,2)=-2.8957665076e-001; w1(4,3)=-2.8920995958e-001; w1(4,4)=-1.0660844705e-001; 
w10(5,1)=-5.3931040001e-003; w1(5,1)=-6.6383814124e-001; w1(5,2)=-1.2744387227e+000; w1(5,3)=1.5321370865e-001; w1(5,4)=-7.8085007420e-002; 
w10(6,1)=1.9066142912e-001; w1(6,1)=-1.6089744471e-001; w1(6,2)=-7.6494459936e-001; w1(6,3)=-2.1590046796e-001; w1(6,4)=-4.3492776769e-001; 
w10(7,1)=3.4643938700e-001; w1(7,1)=8.2914616274e-002; w1(7,2)=-7.0406834758e-002; w1(7,3)=2.7840857834e-001; w1(7,4)=2.1518648317e-001; 
w10(8,1)=-4.1538948099e-001; w1(8,1)=1.9360526902e-001; w1(8,2)=-5.2287161911e-001; w1(8,3)=-3.9118363918e-001; w1(8,4)=-7.2713622282e-001; 
w10(9,1)=5.6385623192e-002; w1(9,1)=5.6740189759e-001; w1(9,2)=3.0775379721e-001; w1(9,3)=1.8505950574e-002; w1(9,4)=-7.9970859962e-002; 
w20=-3.2528103695e-002; w2(1)=3.0171560722e-002; w2(2)=-3.7254477197e-001; w2(3)=3.2988248229e-001; w2(4)=-1.3429936992e-001; w2(5)=-1.2125346822e-001; w2(6)=1.1627530575e-002; w2(7)=2.5752349287e-001; w2(8)=-3.8749876108e-001; w2(9)=-1.3057682020e-001; 

