
%liczba neuronów ukrytych: 2, liczba wejœæ sieci: 4
%wejœcie 1: u(k-5)
%wejœcie 2: u(k-6)
%wejœcie 3: y(k-1)
%wejœcie 4: y(k-2)
%uczenie w trybie OE
w10(1,1)=-4.1910131946e-001; w1(1,1)=-2.7024535414e-002; w1(1,2)=6.0639882242e-002; w1(1,3)=-1.0708064831e+000; w1(1,4)=-5.8312417334e-001; 
w10(2,1)=-3.0651615901e-002; w1(2,1)=-1.2550638834e+000; w1(2,2)=3.7941037811e+000; w1(2,3)=3.6302626397e+000; w1(2,4)=-4.3941908228e+000; 
w20=-2.3386953374e-001; w2(1)=-6.0089776634e-001; w2(2)=7.0270616775e-002; 

