
%liczba neuronów ukrytych: 9, liczba wejœæ sieci: 5
%wejœcie 1: u(k-5)
%wejœcie 2: u(k-6)
%wejœcie 3: u(k-7)
%wejœcie 4: y(k-1)
%wejœcie 5: y(k-2)
%uczenie w trybie OE
w10(1,1)=-5.6497595348e-001; w1(1,1)=-2.2217803191e-001; w1(1,2)=-3.1609971582e-001; w1(1,3)=-8.0670434138e-002; w1(1,4)=-9.5839803709e-002; w1(1,5)=-3.3510368036e-001; 
w10(2,1)=-2.2912630689e-001; w1(2,1)=-2.4266330797e-001; w1(2,2)=-6.1150848703e-001; w1(2,3)=-1.5981451122e+000; w1(2,4)=2.7657387612e-001; w1(2,5)=-6.4962940745e-001; 
w10(3,1)=-3.1033160371e-001; w1(3,1)=2.4195821529e-001; w1(3,2)=1.7066739536e-001; w1(3,3)=-1.3107554236e-001; w1(3,4)=-1.1044641212e-001; w1(3,5)=2.2192115443e-002; 
w10(4,1)=-2.8551603810e-001; w1(4,1)=-9.7654259715e-001; w1(4,2)=-4.7502303889e-001; w1(4,3)=4.0942634340e-001; w1(4,4)=5.9181377799e-002; w1(4,5)=1.0433919519e+000; 
w10(5,1)=-2.8278324200e-001; w1(5,1)=2.4447443936e-001; w1(5,2)=-9.5568195615e-002; w1(5,3)=-5.4826789983e-001; w1(5,4)=-1.0704907051e-001; w1(5,5)=-1.0937880400e+000; 
w10(6,1)=-1.5529027861e-001; w1(6,1)=1.4000210486e+000; w1(6,2)=8.6921598196e-001; w1(6,3)=-3.9518671031e-001; w1(6,4)=-1.7736315866e-001; w1(6,5)=-1.1948747816e+000; 
w10(7,1)=1.8322316115e-002; w1(7,1)=-9.3523501297e-002; w1(7,2)=3.5103607806e-001; w1(7,3)=9.5173872504e-001; w1(7,4)=1.7704151621e-001; w1(7,5)=2.4441102136e-001; 
w10(8,1)=3.6303971172e-001; w1(8,1)=-4.8184131317e-001; w1(8,2)=2.8984908257e-001; w1(8,3)=1.5888743170e+000; w1(8,4)=-5.0108676285e-002; w1(8,5)=1.1858810399e+000; 
w10(9,1)=-1.6874541935e-001; w1(9,1)=-9.0317391100e-001; w1(9,2)=-1.5753628290e-001; w1(9,3)=1.0788402422e+000; w1(9,4)=2.0840042067e-001; w1(9,5)=-4.8045047030e-001; 
w20=-2.3971393303e-001; w2(1)=-1.9191219042e-001; w2(2)=-1.6474587280e-001; w2(3)=-1.1485821966e-001; w2(4)=2.4255092046e-001; w2(5)=-6.4489108644e-001; w2(6)=9.1848131549e-002; w2(7)=-2.0935413797e-001; w2(8)=-1.1468490342e-001; w2(9)=-1.1015855733e-001; 

