
%liczba neuronów ukrytych: 7, liczba wejœæ sieci: 5
%wejœcie 1: u(k-5)
%wejœcie 2: u(k-6)
%wejœcie 3: u(k-7)
%wejœcie 4: y(k-1)
%wejœcie 5: y(k-2)
%uczenie w trybie OE
w10(1,1)=-2.8494079320e-002; w1(1,1)=6.1647272210e-002; w1(1,2)=1.1368027735e-001; w1(1,3)=-1.0225820859e-001; w1(1,4)=-5.5082693836e-001; w1(1,5)=-4.3087294242e-001; 
w10(2,1)=1.0404276363e+000; w1(2,1)=1.7640117875e-001; w1(2,2)=8.6295088221e-001; w1(2,3)=1.2793616946e+000; w1(2,4)=1.2775168107e-001; w1(2,5)=4.7781375895e-001; 
w10(3,1)=-8.1347605597e-001; w1(3,1)=-1.0593533809e+000; w1(3,2)=-1.1082933730e+000; w1(3,3)=-1.1142938797e+000; w1(3,4)=-6.4229936881e-003; w1(3,5)=8.4992985230e-002; 
w10(4,1)=4.1275095282e-001; w1(4,1)=-5.1280961895e-002; w1(4,2)=3.6227130563e-001; w1(4,3)=6.4490853937e-001; w1(4,4)=2.8665430578e-002; w1(4,5)=7.2973189752e-001; 
w10(5,1)=9.8833549511e-001; w1(5,1)=1.0868403448e+000; w1(5,2)=3.6136987028e-001; w1(5,3)=-3.4823185992e-001; w1(5,4)=4.2258069327e-001; w1(5,5)=1.2982678679e-001; 
w10(6,1)=-6.7732546975e-001; w1(6,1)=1.7529651468e-001; w1(6,2)=-1.5770216682e-001; w1(6,3)=1.5017555070e-001; w1(6,4)=1.4983142900e-001; w1(6,5)=-6.6906204613e-001; 
w10(7,1)=-9.5413965091e-001; w1(7,1)=-3.7263115967e-001; w1(7,2)=-3.0442792697e-001; w1(7,3)=-1.0753127734e-002; w1(7,4)=-3.7854340965e-001; w1(7,5)=9.6964171481e-001; 
w20=-3.3716883402e-002; w2(1)=-3.5364830284e-001; w2(2)=-1.4405661575e-001; w2(3)=-7.2694086346e-002; w2(4)=3.9784363737e-001; w2(5)=1.3555261955e-001; w2(6)=-3.2020647938e-001; w2(7)=4.8405500142e-001; 

