
%liczba neuronów ukrytych: 3, liczba wejœæ sieci: 5
%wejœcie 1: u(k-5)
%wejœcie 2: u(k-6)
%wejœcie 3: u(k-7)
%wejœcie 4: y(k-1)
%wejœcie 5: y(k-2)
%uczenie w trybie OE
w10(1,1)=3.2262587785e-001; w1(1,1)=4.3944000679e-001; w1(1,2)=-4.9019304956e-001; w1(1,3)=8.2249946027e-001; w1(1,4)=2.8151247367e-001; w1(1,5)=-2.4094953164e+000; 
w10(2,1)=-4.6151913855e-002; w1(2,1)=5.0827318223e-001; w1(2,2)=-1.0424290539e-001; w1(2,3)=4.3686489058e+000; w1(2,4)=-1.3455944897e+000; w1(2,5)=-5.5058151430e-001; 
w10(3,1)=5.6915080332e-001; w1(3,1)=-1.0363745019e-001; w1(3,2)=3.3282607034e-002; w1(3,3)=3.5680658529e-001; w1(3,4)=3.2574423411e-001; w1(3,5)=1.5390106941e+000; 
w20=-1.6316404405e-001; w2(1)=-1.3739989371e-001; w2(2)=6.2753587334e-002; w2(3)=4.0881170282e-001; 

