
%liczba neuronów ukrytych: 4, liczba wejœæ sieci: 4
%wejœcie 1: u(k-5)
%wejœcie 2: u(k-6)
%wejœcie 3: y(k-1)
%wejœcie 4: y(k-2)
%uczenie w trybie OE
w10(1,1)=-1.7254379623e-002; w1(1,1)=1.2475163304e-001; w1(1,2)=1.3138012958e-001; w1(1,3)=-6.0643965297e-002; w1(1,4)=8.7924975569e-002; 
w10(2,1)=7.4237699124e-002; w1(2,1)=-9.1928025007e-002; w1(2,2)=9.2962967901e-003; w1(2,3)=-7.8264859373e-002; w1(2,4)=1.0605582844e-001; 
w10(3,1)=9.6035418438e-002; w1(3,1)=2.2022587958e-001; w1(3,2)=2.6234864065e-001; w1(3,3)=-3.0518649450e-003; w1(3,4)=1.0300033133e-001; 
w10(4,1)=-6.3806765533e-002; w1(4,1)=-2.4386783673e-001; w1(4,2)=-5.1169960302e-001; w1(4,3)=-1.1895498833e-001; w1(4,4)=-1.2843426612e-001; 
w20=-1.3740015674e-001; w2(1)=6.3248895014e-002; w2(2)=9.9046920529e-002; w2(3)=2.6385494778e-001; w2(4)=-4.4683910059e-001; 

