
%liczba neuronów ukrytych: 4, liczba wejœæ sieci: 4
%wejœcie 1: u(k-5)
%wejœcie 2: u(k-6)
%wejœcie 3: y(k-1)
%wejœcie 4: y(k-2)
%uczenie w trybie OE
w10(1,1)=5.6557514698e-002; w1(1,1)=-4.4806475259e-002; w1(1,2)=-1.2775028823e-001; w1(1,3)=1.1914222554e-002; w1(1,4)=-1.0364349755e-001; 
w10(2,1)=-3.9808525737e-002; w1(2,1)=2.8304517362e-001; w1(2,2)=1.4108513963e-001; w1(2,3)=1.7498698404e-002; w1(2,4)=-9.8380966420e-002; 
w10(3,1)=-1.2464696831e-002; w1(3,1)=1.1130225183e-001; w1(3,2)=2.7190623965e-001; w1(3,3)=7.5664267089e-002; w1(3,4)=-9.6218190150e-003; 
w10(4,1)=-1.3904972865e-001; w1(4,1)=-3.6395515651e-001; w1(4,2)=-5.5786924332e-001; w1(4,3)=-1.5716716512e-001; w1(4,4)=-2.4592131747e-001; 
w20=-1.3968236194e-001; w2(1)=-5.7818469576e-002; w2(2)=-1.3216134428e-001; w2(3)=3.3956396923e-002; w2(4)=-5.5555896235e-001; 

