
%liczba neuronów ukrytych: 4, liczba wejœæ sieci: 5
%wejœcie 1: u(k-5)
%wejœcie 2: u(k-6)
%wejœcie 3: u(k-7)
%wejœcie 4: y(k-1)
%wejœcie 5: y(k-2)
%uczenie w trybie OE
w10(1,1)=7.4453903699e-002; w1(1,1)=-1.2250613278e-001; w1(1,2)=2.1847813894e-001; w1(1,3)=1.8456195046e+000; w1(1,4)=-7.6476975339e-001; w1(1,5)=-4.0119457256e-001; 
w10(2,1)=-1.8589148326e-001; w1(2,1)=6.6713309325e-001; w1(2,2)=4.7235377516e-001; w1(2,3)=-2.1445126700e+000; w1(2,4)=-4.5723001176e-001; w1(2,5)=1.0292870552e+000; 
w10(3,1)=-3.6507691023e-001; w1(3,1)=4.0977296772e-001; w1(3,2)=1.3624380479e-001; w1(3,3)=-1.0054062464e+000; w1(3,4)=-3.8292630927e-001; w1(3,5)=-8.5576067928e-001; 
w10(4,1)=2.4688638333e-001; w1(4,1)=1.7021432537e-001; w1(4,2)=1.3471832421e-001; w1(4,3)=7.1104240903e-001; w1(4,4)=-3.7630390410e-001; w1(4,5)=-1.3917157269e+000; 
w20=-1.1912881213e-001; w2(1)=2.0508593437e-001; w2(2)=2.9597922057e-001; w2(3)=-5.6501409595e-001; w2(4)=-1.6202365382e-001; 

