
%liczba neuronów ukrytych: 10, liczba wejœæ sieci: 5
%wejœcie 1: u(k-5)
%wejœcie 2: u(k-6)
%wejœcie 3: u(k-7)
%wejœcie 4: y(k-1)
%wejœcie 5: y(k-2)
%uczenie w trybie OE
w10(1,1)=-2.2904491044e-001; w1(1,1)=3.9498475867e-001; w1(1,2)=-9.4604800375e-004; w1(1,3)=-6.3435728417e-001; w1(1,4)=-1.5422118263e-001; w1(1,5)=-8.1515283696e-001; 
w10(2,1)=-2.1795757272e-001; w1(2,1)=7.9677898909e-001; w1(2,2)=5.7071119956e-001; w1(2,3)=-3.0002830584e-001; w1(2,4)=-2.5505989976e-001; w1(2,5)=-8.1618393306e-001; 
w10(3,1)=3.1463221500e-001; w1(3,1)=3.0031472544e-001; w1(3,2)=1.4488749061e-001; w1(3,3)=-2.9689869529e-001; w1(3,4)=-4.1188891235e-001; w1(3,5)=-7.3219274176e-001; 
w10(4,1)=-2.6061536239e-001; w1(4,1)=-2.5826616539e-001; w1(4,2)=-5.0459828773e-001; w1(4,3)=-8.3786380234e-001; w1(4,4)=-3.4824616689e-002; w1(4,5)=-5.0434823665e-001; 
w10(5,1)=-3.5289334694e-001; w1(5,1)=-1.0315201899e-001; w1(5,2)=-2.4573714400e-001; w1(5,3)=-2.2634437904e-001; w1(5,4)=-1.1152925285e-001; w1(5,5)=-6.2405981078e-001; 
w10(6,1)=6.4556931037e-002; w1(6,1)=-2.6767993167e-001; w1(6,2)=-2.4520655246e-001; w1(6,3)=-4.0770387986e-001; w1(6,4)=8.9860188253e-002; w1(6,5)=1.4089622812e-001; 
w10(7,1)=-1.7944318634e-001; w1(7,1)=7.0198896478e-001; w1(7,2)=1.3491162840e-001; w1(7,3)=-1.0617035037e+000; w1(7,4)=-5.2680012476e-001; w1(7,5)=-1.4400778898e+000; 
w10(8,1)=8.1107078471e-001; w1(8,1)=3.5346650767e-001; w1(8,2)=4.7163432327e-001; w1(8,3)=8.9628853704e-001; w1(8,4)=-1.9712330937e-001; w1(8,5)=-3.1738168469e-001; 
w10(9,1)=9.0801917567e-002; w1(9,1)=2.4219619217e-001; w1(9,2)=-9.7642764815e-002; w1(9,3)=-8.1298278376e-001; w1(9,4)=-3.4955420825e-001; w1(9,5)=8.4163410474e-002; 
w10(10,1)=-2.0109743413e-001; w1(10,1)=6.0889730791e-002; w1(10,2)=-4.4740132555e-001; w1(10,3)=-9.0193233218e-001; w1(10,4)=-3.7054621334e-001; w1(10,5)=-6.4742309671e-001; 
w20=-1.0344558540e-001; w2(1)=-7.7583797433e-001; w2(2)=2.2638155896e-001; w2(3)=-3.8888926410e-001; w2(4)=-3.3273771445e-001; w2(5)=-2.7216068220e-001; w2(6)=2.6005420915e-001; w2(7)=1.4534306530e-001; w2(8)=-1.2170825899e-001; w2(9)=3.9997798200e-001; w2(10)=1.3114352683e-001; 

