
%liczba neuronów ukrytych: 9, liczba wejœæ sieci: 4
%wejœcie 1: u(k-5)
%wejœcie 2: u(k-6)
%wejœcie 3: y(k-1)
%wejœcie 4: y(k-2)
%uczenie w trybie OE
w10(1,1)=3.4276666737e-001; w1(1,1)=-7.1798797375e-001; w1(1,2)=-6.4729301555e-001; w1(1,3)=5.4731975267e-001; w1(1,4)=5.1344192890e-001; 
w10(2,1)=-3.0495014564e-001; w1(2,1)=-3.2165891966e-001; w1(2,2)=3.9060210358e-002; w1(2,3)=1.3370133925e-001; w1(2,4)=3.8667706335e-001; 
w10(3,1)=2.2378025474e-002; w1(3,1)=-1.7729901341e-001; w1(3,2)=2.4659607325e-001; w1(3,3)=-4.8305542782e-001; w1(3,4)=-6.1876636799e-001; 
w10(4,1)=5.2890241057e-001; w1(4,1)=-5.8081574144e-001; w1(4,2)=-3.8318677990e-001; w1(4,3)=6.5946079591e-002; w1(4,4)=2.1173465055e-001; 
w10(5,1)=4.4290136635e-001; w1(5,1)=9.9556644621e-001; w1(5,2)=-9.9525081608e-001; w1(5,3)=6.2693719019e-001; w1(5,4)=-6.0319802566e-001; 
w10(6,1)=2.6776596826e-001; w1(6,1)=9.1540983790e-001; w1(6,2)=-3.1712330337e-001; w1(6,3)=-1.5950956534e-002; w1(6,4)=-8.7599311619e-001; 
w10(7,1)=4.6372785276e-001; w1(7,1)=-6.0101729392e-001; w1(7,2)=1.0425724877e+000; w1(7,3)=2.8262113926e-001; w1(7,4)=1.0209375691e+000; 
w10(8,1)=-3.4163277362e-001; w1(8,1)=7.7150165926e-001; w1(8,2)=-3.2660122783e-001; w1(8,3)=-5.7857416030e-001; w1(8,4)=-1.2506041898e+000; 
w10(9,1)=-1.2594062439e-002; w1(9,1)=-8.7174725056e-001; w1(9,2)=-1.5813832300e+000; w1(9,3)=3.6598663510e-001; w1(9,4)=-6.2834346957e-002; 
w20=-1.2804823193e-001; w2(1)=-1.4333853012e-001; w2(2)=2.0645060822e-001; w2(3)=-2.8670512400e-001; w2(4)=1.3352056605e-001; w2(5)=1.6871599904e-001; w2(6)=-1.8601353195e-001; w2(7)=3.5300953894e-001; w2(8)=-8.5936687038e-003; w2(9)=-5.6002716769e-002; 

