
%liczba neuronów ukrytych: 2, liczba wejœæ sieci: 4
%wejœcie 1: u(k-5)
%wejœcie 2: u(k-6)
%wejœcie 3: y(k-1)
%wejœcie 4: y(k-2)
%uczenie w trybie OE
w10(1,1)=1.0697726327e+000; w1(1,1)=-2.5818269929e+000; w1(1,2)=3.8467609112e+000; w1(1,3)=-1.4992516077e+000; w1(1,4)=5.1476793698e-001; 
w10(2,1)=-3.4436417313e-001; w1(2,1)=2.9123982960e-001; w1(2,2)=-5.4263008784e-001; w1(2,3)=-6.2071489481e-001; w1(2,4)=-5.9191203554e-001; 
w20=-1.4002156128e-001; w2(1)=-1.3341943957e-001; w2(2)=-7.3581048324e-001; 

