
%liczba neuronów ukrytych: 9, liczba wejœæ sieci: 5
%wejœcie 1: u(k-5)
%wejœcie 2: u(k-6)
%wejœcie 3: u(k-7)
%wejœcie 4: y(k-1)
%wejœcie 5: y(k-2)
%uczenie w trybie OE
w10(1,1)=-5.6407388147e-003; w1(1,1)=-4.7438083507e-001; w1(1,2)=-2.1292661042e-001; w1(1,3)=-2.8321842852e-002; w1(1,4)=-9.1533396581e-003; w1(1,5)=2.5741520029e-001; 
w10(2,1)=-1.0193839773e-001; w1(2,1)=-3.6332498600e-001; w1(2,2)=-1.5184644979e-001; w1(2,3)=7.6289379257e-002; w1(2,4)=1.7775278574e-001; w1(2,5)=2.6259785233e-001; 
w10(3,1)=3.2932374820e-001; w1(3,1)=-8.4808528896e-001; w1(3,2)=-4.5570466317e-001; w1(3,3)=5.0597138698e-001; w1(3,4)=2.5342921319e-001; w1(3,5)=6.6892929160e-001; 
w10(4,1)=-5.0853572963e-001; w1(4,1)=-1.0415230744e-001; w1(4,2)=-3.7355003543e-001; w1(4,3)=-1.6181793387e-001; w1(4,4)=-2.6835167433e-002; w1(4,5)=-2.3384759001e-001; 
w10(5,1)=6.7082735834e-002; w1(5,1)=-3.5806829136e-001; w1(5,2)=2.7101390568e-001; w1(5,3)=1.4701299618e+000; w1(5,4)=-1.7365814915e-002; w1(5,5)=4.5762689606e-001; 
w10(6,1)=-8.1963830781e-002; w1(6,1)=2.9698517611e-001; w1(6,2)=-3.9023168153e-002; w1(6,3)=-1.2042985327e+000; w1(6,4)=-3.4826639152e-001; w1(6,5)=-5.0180604787e-001; 
w10(7,1)=-3.2633697413e-001; w1(7,1)=2.7155560535e-001; w1(7,2)=1.2281783814e-001; w1(7,3)=-6.7277607405e-001; w1(7,4)=1.3943863319e-001; w1(7,5)=-1.2317268424e+000; 
w10(8,1)=-1.5250129750e-001; w1(8,1)=-3.4670070984e-001; w1(8,2)=-2.0865422733e-001; w1(8,3)=-2.6040522328e-002; w1(8,4)=1.9578609151e-001; w1(8,5)=2.6559022943e-001; 
w10(9,1)=-3.5333518486e-001; w1(9,1)=1.0237708318e+000; w1(9,2)=-1.0923513850e-001; w1(9,3)=-1.5422101035e+000; w1(9,4)=2.3706140948e-001; w1(9,5)=-4.5260187326e-001; 
w20=-1.8090193570e-001; w2(1)=3.8240014671e-002; w2(2)=2.4215938833e-001; w2(3)=-1.3821851228e-001; w2(4)=-4.8979793960e-001; w2(5)=4.4096535420e-001; w2(6)=3.6993831572e-001; w2(7)=-7.0977381158e-001; w2(8)=4.1077151684e-001; w2(9)=4.1156497896e-001; 

