
%liczba neuronów ukrytych: 8, liczba wejœæ sieci: 5
%wejœcie 1: u(k-5)
%wejœcie 2: u(k-6)
%wejœcie 3: u(k-7)
%wejœcie 4: y(k-1)
%wejœcie 5: y(k-2)
%uczenie w trybie OE
w10(1,1)=4.8470018721e-001; w1(1,1)=4.0575710249e-001; w1(1,2)=1.8803385640e-001; w1(1,3)=-3.1665554863e-001; w1(1,4)=1.1546899905e-002; w1(1,5)=-1.0620120516e+000; 
w10(2,1)=2.1287157473e-004; w1(2,1)=1.0585970753e-001; w1(2,2)=-1.6340839384e-001; w1(2,3)=-1.0020903774e+000; w1(2,4)=6.6937998541e-002; w1(2,5)=-7.4637473977e-001; 
w10(3,1)=4.5023793294e-002; w1(3,1)=1.0570528677e-001; w1(3,2)=4.1017624471e-001; w1(3,3)=1.5155394616e+000; w1(3,4)=-1.3425359122e-001; w1(3,5)=1.6337779174e-001; 
w10(4,1)=-7.8137651578e-001; w1(4,1)=1.3080608320e+000; w1(4,2)=6.3356246814e-001; w1(4,3)=-6.1014516238e-001; w1(4,4)=-1.7286224560e-001; w1(4,5)=-1.0747371129e+000; 
w10(5,1)=1.8090463496e-001; w1(5,1)=-2.5773290995e-002; w1(5,2)=-8.7164891358e-002; w1(5,3)=-1.4153007333e-001; w1(5,4)=-4.5029153955e-001; w1(5,5)=3.3866021669e-001; 
w10(6,1)=6.2895063576e-001; w1(6,1)=1.1332074478e-001; w1(6,2)=-1.2090862064e-002; w1(6,3)=-3.4173804419e-001; w1(6,4)=4.5382439837e-001; w1(6,5)=1.8081569317e-001; 
w10(7,1)=4.3810443004e-001; w1(7,1)=-4.6587352833e-001; w1(7,2)=1.2280964220e-001; w1(7,3)=6.3446670376e-001; w1(7,4)=8.9824452820e-003; w1(7,5)=1.1109728646e+000; 
w10(8,1)=2.1885706971e-002; w1(8,1)=1.8105486264e-001; w1(8,2)=-2.4485962821e-001; w1(8,3)=-1.3424719227e+000; w1(8,4)=-1.0245995920e-001; w1(8,5)=-1.1160241244e-001; 
w20=-1.8651059294e-001; w2(1)=-2.9582664895e-001; w2(2)=-2.2051341806e-001; w2(3)=4.5264297272e-001; w2(4)=1.0780800775e-001; w2(5)=-7.1289344603e-002; w2(6)=2.6504988584e-001; w2(7)=5.3217261545e-001; w2(8)=7.4354936962e-001; 

