
%liczba neuronów ukrytych: 1, liczba wejœæ sieci: 4
%wejœcie 1: u(k-5)
%wejœcie 2: u(k-6)
%wejœcie 3: y(k-1)
%wejœcie 4: y(k-2)
%uczenie w trybie OE
w10(1,1)=-2.6308266024e-001; w1(1,1)=6.9945873696e-002; w1(1,2)=-1.5840646764e-001; w1(1,3)=-1.1545894951e+000; w1(1,4)=-3.7104307364e-002; 
w20=-2.0651291044e-001; w2(1)=-8.0865328815e-001; 

