
%liczba neuronów ukrytych: 10, liczba wejœæ sieci: 4
%wejœcie 1: u(k-5)
%wejœcie 2: u(k-6)
%wejœcie 3: y(k-1)
%wejœcie 4: y(k-2)
%uczenie w trybie OE
w10(1,1)=-2.9940830171e-001; w1(1,1)=5.1054201778e-001; w1(1,2)=5.3507405360e-001; w1(1,3)=-8.6443155007e-002; w1(1,4)=-5.1795132013e-001; 
w10(2,1)=2.0050319222e-002; w1(2,1)=1.9711681803e-002; w1(2,2)=5.4139463286e-002; w1(2,3)=-2.1689887859e-001; w1(2,4)=-1.8139833895e-002; 
w10(3,1)=-1.1659342416e-001; w1(3,1)=-6.6163700378e-001; w1(3,2)=-1.3100304829e+000; w1(3,3)=5.7115023071e-002; w1(3,4)=-2.9517866980e-001; 
w10(4,1)=-4.6666238261e-003; w1(4,1)=3.8888121933e-002; w1(4,2)=-8.2294170317e-002; w1(4,3)=3.9270793072e-001; w1(4,4)=1.6722747239e-004; 
w10(5,1)=2.2523656551e-001; w1(5,1)=4.2366991484e-001; w1(5,2)=-3.7137847270e-001; w1(5,3)=1.2566133558e-001; w1(5,4)=-8.1355360713e-001; 
w10(6,1)=-9.0784753041e-002; w1(6,1)=2.5298318990e-001; w1(6,2)=-1.2785866538e+000; w1(6,3)=-4.6234364817e-002; w1(6,4)=-1.0757587543e+000; 
w10(7,1)=-3.2021688419e-001; w1(7,1)=1.5413552386e-001; w1(7,2)=-7.1897634222e-001; w1(7,3)=-2.4723085161e-001; w1(7,4)=-8.3326577401e-001; 
w10(8,1)=2.3696143737e-002; w1(8,1)=2.8114315909e-002; w1(8,2)=-1.5391423922e-001; w1(8,3)=3.7497261323e-001; w1(8,4)=4.8407840229e-002; 
w10(9,1)=2.0994800305e-001; w1(9,1)=1.3387702808e-001; w1(9,2)=-5.1351564389e-001; w1(9,3)=1.9769295955e-001; w1(9,4)=-2.5763062855e-001; 
w10(10,1)=-5.1353960822e-002; w1(10,1)=-3.1163946731e-001; w1(10,2)=-6.3130985850e-001; w1(10,3)=5.2153295659e-002; w1(10,4)=-3.1329956323e-001; 
w20=-2.8876394708e-002; w2(1)=1.8795414286e-001; w2(2)=-2.1858867532e-001; w2(3)=-1.2357334659e-001; w2(4)=5.1837852894e-001; w2(5)=-3.2262297875e-001; w2(6)=1.1692872820e-001; w2(7)=-4.8158528859e-001; w2(8)=4.9367178404e-001; w2(9)=6.1470164569e-002; w2(10)=2.9585285736e-001; 

