
%liczba neuronów ukrytych: 5, liczba wejœæ sieci: 5
%wejœcie 1: u(k-5)
%wejœcie 2: u(k-6)
%wejœcie 3: u(k-7)
%wejœcie 4: y(k-1)
%wejœcie 5: y(k-2)
%uczenie w trybie OE
w10(1,1)=-4.8571845838e-001; w1(1,1)=-3.0379286989e-001; w1(1,2)=-3.5642202722e-001; w1(1,3)=-4.3984068868e-003; w1(1,4)=3.9774610895e-001; w1(1,5)=9.5223668828e-001; 
w10(2,1)=-4.0679583496e-001; w1(2,1)=-2.2073718322e-002; w1(2,2)=-6.3002669159e-002; w1(2,3)=-2.7758885730e-001; w1(2,4)=-4.1196473460e-001; w1(2,5)=-7.3406237524e-001; 
w10(3,1)=-1.9161361636e-001; w1(3,1)=6.2540425419e-001; w1(3,2)=2.9595174330e-001; w1(3,3)=3.4521002218e-001; w1(3,4)=-2.0666444874e-001; w1(3,5)=-7.5394083210e-001; 
w10(4,1)=-3.9761752270e-001; w1(4,1)=-2.1732559355e-001; w1(4,2)=-6.6747727451e-001; w1(4,3)=-1.6822482865e+000; w1(4,4)=3.6289736229e-001; w1(4,5)=-9.3875374795e-001; 
w10(5,1)=-5.8048980368e-002; w1(5,1)=2.3015296513e-001; w1(5,2)=-1.0873038705e-001; w1(5,3)=2.1424601570e-001; w1(5,4)=6.0363402403e-001; w1(5,5)=-1.2317663543e+000; 
w20=-8.6623085702e-002; w2(1)=2.2010107135e-001; w2(2)=-4.2362619556e-001; w2(3)=1.3188218292e-001; w2(4)=-6.6080749761e-002; w2(5)=-4.1205866102e-001; 

