
%liczba neuronów ukrytych: 8, liczba wejœæ sieci: 5
%wejœcie 1: u(k-5)
%wejœcie 2: u(k-6)
%wejœcie 3: u(k-7)
%wejœcie 4: y(k-1)
%wejœcie 5: y(k-2)
%uczenie w trybie OE
w10(1,1)=-3.3897133482e-001; w1(1,1)=7.1898100159e-002; w1(1,2)=-1.2512284685e-001; w1(1,3)=-7.4740409967e-001; w1(1,4)=1.7523785667e-001; w1(1,5)=-9.2044623028e-001; 
w10(2,1)=-4.3061665457e-001; w1(2,1)=-2.1344421151e-001; w1(2,2)=-3.6269240317e-001; w1(2,3)=-4.4059319622e-001; w1(2,4)=-7.1244585344e-002; w1(2,5)=1.1718476337e+000; 
w10(3,1)=-2.9590826076e-001; w1(3,1)=4.1849363064e-002; w1(3,2)=-1.5470839455e-001; w1(3,3)=-2.1224423200e-001; w1(3,4)=2.9695318634e-001; w1(3,5)=-2.8189235957e-002; 
w10(4,1)=-9.4928038030e-002; w1(4,1)=-1.4779967062e-001; w1(4,2)=-1.4974908957e-001; w1(4,3)=8.8323210892e-002; w1(4,4)=-1.4071423647e-002; w1(4,5)=8.5187432630e-001; 
w10(5,1)=2.6979607717e-001; w1(5,1)=1.4221100688e-002; w1(5,2)=1.8241262982e-001; w1(5,3)=3.5255719990e-001; w1(5,4)=4.6605202760e-001; w1(5,5)=4.1805243036e-001; 
w10(6,1)=1.4714462978e-001; w1(6,1)=-4.3842354546e-002; w1(6,2)=-4.0720052269e-001; w1(6,3)=-2.7884896285e-001; w1(6,4)=-5.7780566890e-001; w1(6,5)=4.7519602679e-001; 
w10(7,1)=2.5481711231e-002; w1(7,1)=2.4468115993e-001; w1(7,2)=6.7318493065e-001; w1(7,3)=6.6593151519e-001; w1(7,4)=-5.2696001670e-001; w1(7,5)=-3.8656513735e-001; 
w10(8,1)=-3.6206113178e-002; w1(8,1)=1.8691743664e-001; w1(8,2)=3.5475415848e-001; w1(8,3)=4.2304088178e-001; w1(8,4)=-2.6328854799e-002; w1(8,5)=-9.2001937010e-001; 
w20=-9.0135271740e-002; w2(1)=1.1877995121e-001; w2(2)=2.7226236689e-001; w2(3)=8.4851682204e-002; w2(4)=1.2762685940e-001; w2(5)=8.5584249299e-001; w2(6)=2.8399157859e-001; w2(7)=2.3115909849e-001; w2(8)=-8.0610580874e-002; 

