
%liczba neuronów ukrytych: 2, liczba wejœæ sieci: 5
%wejœcie 1: u(k-5)
%wejœcie 2: u(k-6)
%wejœcie 3: u(k-7)
%wejœcie 4: y(k-1)
%wejœcie 5: y(k-2)
%uczenie w trybie OE
w10(1,1)=5.0818464138e-001; w1(1,1)=5.5981949759e-002; w1(1,2)=6.3471706348e-002; w1(1,3)=-9.6793381382e-002; w1(1,4)=1.2857615760e+000; w1(1,5)=6.8829603793e-001; 
w10(2,1)=-3.0667803356e-001; w1(2,1)=-8.9596530322e-001; w1(2,2)=1.0275168810e-001; w1(2,3)=6.4212864226e+000; w1(2,4)=-2.9694989947e+000; w1(2,5)=-1.7696153665e-001; 
w20=-2.3154790632e-001; w2(1)=5.2051876538e-001; w2(2)=5.0006907315e-002; 

