
%liczba neuronów ukrytych: 1, liczba wejœæ sieci: 4
%wejœcie 1: u(k-5)
%wejœcie 2: u(k-6)
%wejœcie 3: y(k-1)
%wejœcie 4: y(k-2)
%uczenie w trybie OE
w10(1,1)=3.1948029359e-001; w1(1,1)=-1.6569563605e-001; w1(1,2)=3.2697462858e-001; w1(1,3)=5.5300951652e-001; w1(1,4)=8.2580005123e-001; 
w20=-2.0896256595e-001; w2(1)=6.8295948884e-001; 

