
%liczba neuronów ukrytych: 4, liczba wejœæ sieci: 4
%wejœcie 1: u(k-5)
%wejœcie 2: u(k-6)
%wejœcie 3: y(k-1)
%wejœcie 4: y(k-2)
%uczenie w trybie ARX
w10(1,1)=1.8834844553e-001; w1(1,1)=6.2710859010e-001; w1(1,2)=6.0125629218e-001; w1(1,3)=-1.4086059848e-001; w1(1,4)=4.1646406638e-001; 
w10(2,1)=8.8738171649e-002; w1(2,1)=1.0228795900e+000; w1(2,2)=1.0193515560e+000; w1(2,3)=-1.7808196783e-003; w1(2,4)=-4.9384629577e-002; 
w10(3,1)=1.0879037529e-001; w1(3,1)=1.4567803385e-002; w1(3,2)=2.5423877777e-002; w1(3,3)=-4.1573525107e-001; w1(3,4)=-2.0885179943e-001; 
w10(4,1)=-4.1305327455e-001; w1(4,1)=-1.6541750327e-001; w1(4,2)=-2.6217990556e-001; w1(4,3)=-1.2304147229e+000; w1(4,4)=2.1156428071e-001; 
w20=-9.4171129026e-002; w2(1)=-3.9393140969e-001; w2(2)=1.9094216858e-001; w2(3)=-7.7445533017e-001; w2(4)=-6.0365622586e-001; 

