
%liczba neuronów ukrytych: 4, liczba wejœæ sieci: 5
%wejœcie 1: u(k-5)
%wejœcie 2: u(k-6)
%wejœcie 3: u(k-7)
%wejœcie 4: y(k-1)
%wejœcie 5: y(k-2)
%uczenie w trybie OE
w10(1,1)=-5.2503143904e-001; w1(1,1)=-2.9064433769e-002; w1(1,2)=-2.6744075526e-001; w1(1,3)=-5.9974628502e-001; w1(1,4)=-1.2870521851e-001; w1(1,5)=-3.4761269189e-001; 
w10(2,1)=1.6189211150e+000; w1(2,1)=-7.5299869412e-002; w1(2,2)=7.2652692535e-001; w1(2,3)=1.7338283697e+000; w1(2,4)=-1.4389151752e-002; w1(2,5)=-8.9054677849e-001; 
w10(3,1)=3.8001778951e-001; w1(3,1)=1.4718406086e-001; w1(3,2)=-2.5614437895e-002; w1(3,3)=4.9789289186e-001; w1(3,4)=-3.5757975090e-001; w1(3,5)=-1.0607866502e-001; 
w10(4,1)=1.4139746227e-002; w1(4,1)=4.8953299937e-002; w1(4,2)=1.3987828306e-001; w1(4,3)=-1.0053724183e-001; w1(4,4)=-4.1385855017e-002; w1(4,5)=-1.2346986328e+000; 
w20=-4.7433919921e-002; w2(1)=-5.0924884049e-001; w2(2)=-1.0377812500e-001; w2(3)=-2.6411993623e-001; w2(4)=-4.3162370592e-001; 

