
%liczba neuronów ukrytych: 6, liczba wejœæ sieci: 4
%wejœcie 1: u(k-5)
%wejœcie 2: u(k-6)
%wejœcie 3: y(k-1)
%wejœcie 4: y(k-2)
%uczenie w trybie OE
w10(1,1)=3.6708829880e-002; w1(1,1)=-1.3400411643e+000; w1(1,2)=9.1230154609e-001; w1(1,3)=-8.2210221420e-002; w1(1,4)=1.6793683262e+000; 
w10(2,1)=-2.7378754887e-001; w1(2,1)=1.0492047426e+000; w1(2,2)=-9.5281599630e-001; w1(2,3)=5.0465980560e-001; w1(2,4)=-1.0136389177e+000; 
w10(3,1)=1.2677135085e-001; w1(3,1)=2.8996069845e-002; w1(3,2)=1.7995149814e+000; w1(3,3)=-3.8423504194e-001; w1(3,4)=3.1374937381e-001; 
w10(4,1)=-3.5834096240e-001; w1(4,1)=8.8230859140e-001; w1(4,2)=-4.7789722825e-001; w1(4,3)=1.5340292222e-001; w1(4,4)=-1.2666572510e+000; 
w10(5,1)=4.0960677648e-001; w1(5,1)=-3.3300664346e-001; w1(5,2)=7.3942573250e-001; w1(5,3)=3.6403411369e-001; w1(5,4)=8.4847174392e-001; 
w10(6,1)=-1.7368533266e-001; w1(6,1)=3.1069793363e-001; w1(6,2)=-1.7217341820e+000; w1(6,3)=5.1240118261e-001; w1(6,4)=-6.8521718943e-001; 
w20=-1.8443057540e-001; w2(1)=2.1496663532e-001; w2(2)=5.6245450735e-002; w2(3)=5.5996183527e-001; w2(4)=5.9027922625e-002; w2(5)=6.9185521581e-001; w2(6)=7.3299248035e-001; 

