
%liczba neuronów ukrytych: 3, liczba wejœæ sieci: 5
%wejœcie 1: u(k-5)
%wejœcie 2: u(k-6)
%wejœcie 3: u(k-7)
%wejœcie 4: y(k-1)
%wejœcie 5: y(k-2)
%uczenie w trybie OE
w10(1,1)=-2.2550486580e-001; w1(1,1)=-3.5779156065e-001; w1(1,2)=-9.1318254871e-001; w1(1,3)=-2.8622959945e+000; w1(1,4)=1.0339795857e+000; w1(1,5)=-3.8634564085e-001; 
w10(2,1)=-4.9554351976e-001; w1(2,1)=-2.6288122290e-001; w1(2,2)=-1.6300620265e-001; w1(2,3)=-4.1173817478e-002; w1(2,4)=3.1155693764e-002; w1(2,5)=6.6714647798e-001; 
w10(3,1)=3.5144476552e-001; w1(3,1)=1.1056744398e-001; w1(3,2)=1.4432598469e-001; w1(3,3)=9.9818403552e-002; w1(3,4)=2.2678537916e-002; w1(3,5)=8.2784795642e-001; 
w20=9.8034681452e-003; w2(1)=-5.8275256484e-002; w2(2)=5.5063361818e-001; w2(3)=6.8426717713e-001; 

