
%liczba neuronów ukrytych: 6, liczba wejœæ sieci: 4
%wejœcie 1: u(k-5)
%wejœcie 2: u(k-6)
%wejœcie 3: y(k-1)
%wejœcie 4: y(k-2)
%uczenie w trybie OE
w10(1,1)=5.0780425808e-002; w1(1,1)=-1.5543488394e+000; w1(1,2)=2.0326227134e+000; w1(1,3)=-1.5997434320e-001; w1(1,4)=1.1406494313e+000; 
w10(2,1)=-2.4154783937e-001; w1(2,1)=1.4541630000e+000; w1(2,2)=-2.5559508551e+000; w1(2,3)=4.0691840007e-001; w1(2,4)=-9.0717148675e-001; 
w10(3,1)=-2.9038354797e-001; w1(3,1)=-3.3712404643e-001; w1(3,2)=1.9560679977e-001; w1(3,3)=-8.3425494751e-001; w1(3,4)=-3.2144377419e-001; 
w10(4,1)=-2.3495881407e-001; w1(4,1)=-5.6635205810e-001; w1(4,2)=2.8557517671e-001; w1(4,3)=-7.3512019449e-001; w1(4,4)=4.8300968691e-001; 
w10(5,1)=-5.4139584145e-002; w1(5,1)=-9.6336931391e-002; w1(5,2)=-1.5619870590e+000; w1(5,3)=1.0614784783e+000; w1(5,4)=-4.4023218027e-001; 
w10(6,1)=-6.4708937870e-001; w1(6,1)=-4.0957445608e-001; w1(6,2)=-1.1150408814e-001; w1(6,3)=5.5432718236e-001; w1(6,4)=4.3430664271e-001; 
w20=2.0349789706e-002; w2(1)=-8.3825084156e-002; w2(2)=-1.5105671884e-001; w2(3)=-7.4216772007e-001; w2(4)=3.6483416213e-001; w2(5)=-7.8413387198e-002; w2(6)=3.1791919656e-001; 

