
%liczba neuronów ukrytych: 8, liczba wejœæ sieci: 5
%wejœcie 1: u(k-5)
%wejœcie 2: u(k-6)
%wejœcie 3: u(k-7)
%wejœcie 4: y(k-1)
%wejœcie 5: y(k-2)
%uczenie w trybie OE
w10(1,1)=-8.7439651365e-002; w1(1,1)=6.7712227780e-001; w1(1,2)=5.6451272455e-001; w1(1,3)=6.9723348528e-001; w1(1,4)=-1.6103070591e-001; w1(1,5)=-3.9506429290e-001; 
w10(2,1)=-5.3391354618e-001; w1(2,1)=-2.4994355789e-002; w1(2,2)=-5.1103252772e-001; w1(2,3)=-1.6776862238e+000; w1(2,4)=-4.6944408362e-001; w1(2,5)=-1.2051288252e+000; 
w10(3,1)=3.0116442317e-001; w1(3,1)=2.3321259220e-002; w1(3,2)=6.0823496644e-002; w1(3,3)=2.9309374541e-001; w1(3,4)=1.5583458396e-001; w1(3,5)=8.6344057274e-001; 
w10(4,1)=1.7387540629e-001; w1(4,1)=-1.2185394874e-001; w1(4,2)=2.4117075906e-001; w1(4,3)=7.5223543376e-001; w1(4,4)=2.0064312022e-001; w1(4,5)=1.4732298708e-001; 
w10(5,1)=1.2918842124e-001; w1(5,1)=-6.3934305718e-001; w1(5,2)=-1.9138260292e-001; w1(5,3)=2.0540320916e-001; w1(5,4)=3.4613234747e-001; w1(5,5)=7.3986055643e-001; 
w10(6,1)=-6.6187069515e-001; w1(6,1)=8.9154719594e-001; w1(6,2)=3.7450259824e-001; w1(6,3)=-2.0204851562e-001; w1(6,4)=-6.7500034512e-001; w1(6,5)=-1.0692176529e+000; 
w10(7,1)=7.8733599216e-002; w1(7,1)=-1.0483471601e-001; w1(7,2)=-1.4642429894e-001; w1(7,3)=-5.1117129957e-001; w1(7,4)=-2.2079899850e-001; w1(7,5)=-3.6346449105e-002; 
w10(8,1)=1.1984205784e-001; w1(8,1)=-7.1966287535e-002; w1(8,2)=4.5494261294e-002; w1(8,3)=3.0090467862e-001; w1(8,4)=-1.3079976612e-002; w1(8,5)=5.5582277676e-001; 
w20=-2.1429847509e-001; w2(1)=1.8559894725e-001; w2(2)=-3.4853968554e-002; w2(3)=7.0759805125e-001; w2(4)=-1.2989477159e-001; w2(5)=3.4592724238e-001; w2(6)=1.4024986653e-001; w2(7)=4.2271001424e-001; w2(8)=2.7739916638e-001; 

