
%liczba neuronów ukrytych: 8, liczba wejœæ sieci: 4
%wejœcie 1: u(k-5)
%wejœcie 2: u(k-6)
%wejœcie 3: y(k-1)
%wejœcie 4: y(k-2)
%uczenie w trybie OE
w10(1,1)=-2.1190237742e-001; w1(1,1)=1.8180118011e-001; w1(1,2)=-9.3801862156e-002; w1(1,3)=4.4949997394e-002; w1(1,4)=-5.7360199461e-001; 
w10(2,1)=3.0138273236e-001; w1(2,1)=1.9259388866e-001; w1(2,2)=-7.3480803422e-001; w1(2,3)=-8.5876416796e-002; w1(2,4)=-4.8866967085e-001; 
w10(3,1)=2.1091652084e-001; w1(3,1)=2.2515968028e-002; w1(3,2)=2.5877987295e-002; w1(3,3)=-6.0920204490e-001; w1(3,4)=-4.9608605691e-001; 
w10(4,1)=-1.9805415452e-001; w1(4,1)=-5.4375835099e-001; w1(4,2)=6.0917863016e-002; w1(4,3)=-4.6775884450e-002; w1(4,4)=5.4360801322e-001; 
w10(5,1)=-1.3256500646e-001; w1(5,1)=-9.7346061192e-001; w1(5,2)=-7.8189093182e-001; w1(5,3)=3.4862918909e-001; w1(5,4)=4.0224916753e-001; 
w10(6,1)=-8.0944631632e-001; w1(6,1)=-1.8236969574e-001; w1(6,2)=-3.3943929011e-001; w1(6,3)=-5.0341524545e-001; w1(6,4)=-6.8841461033e-001; 
w10(7,1)=2.9355503869e-001; w1(7,1)=4.4709146245e-001; w1(7,2)=4.0427934427e-001; w1(7,3)=1.9189428537e-001; w1(7,4)=3.2180667538e-002; 
w10(8,1)=-1.5744801956e-001; w1(8,1)=-1.0857136160e+000; w1(8,2)=-1.3164721119e+000; w1(8,3)=2.6530465285e-001; w1(8,4)=1.4880692741e-001; 
w20=-2.0949282464e-002; w2(1)=9.5012755552e-002; w2(2)=-1.7612671658e-001; w2(3)=-5.2188507436e-001; w2(4)=7.3862412051e-002; w2(5)=5.7037666262e-002; w2(6)=-4.2401607794e-001; w2(7)=-2.9159502862e-001; w2(8)=-1.3879155609e-001; 

