
%liczba neuronów ukrytych: 7, liczba wejœæ sieci: 4
%wejœcie 1: u(k-5)
%wejœcie 2: u(k-6)
%wejœcie 3: y(k-1)
%wejœcie 4: y(k-2)
%uczenie w trybie OE
w10(1,1)=-1.8899502988e-001; w1(1,1)=1.4214401558e-001; w1(1,2)=-1.1502132868e+000; w1(1,3)=4.8485277887e-004; w1(1,4)=-7.4145877659e-001; 
w10(2,1)=3.3408989348e-001; w1(2,1)=2.7106221413e-001; w1(2,2)=-4.4244315746e-001; w1(2,3)=6.2544158979e-001; w1(2,4)=2.4059934635e-001; 
w10(3,1)=9.4272947453e-001; w1(3,1)=4.8631064317e-001; w1(3,2)=5.9908822582e-001; w1(3,3)=-7.5208808420e-001; w1(3,4)=-8.3949595655e-001; 
w10(4,1)=3.4801377852e-002; w1(4,1)=-9.1003660193e-002; w1(4,2)=-4.4699006484e-001; w1(4,3)=2.6590939709e-001; w1(4,4)=-1.2699353061e-001; 
w10(5,1)=3.4495596101e-001; w1(5,1)=-7.8357946549e-001; w1(5,2)=2.4707602470e-001; w1(5,3)=-9.2883416806e-002; w1(5,4)=6.0802533697e-001; 
w10(6,1)=-4.7463734393e-001; w1(6,1)=2.2544874884e-001; w1(6,2)=-6.5884482328e-001; w1(6,3)=1.0855471587e-001; w1(6,4)=-7.1939580188e-001; 
w10(7,1)=-3.2997700232e-001; w1(7,1)=3.8334577451e-001; w1(7,2)=6.0613652506e-001; w1(7,3)=1.9602717273e-003; w1(7,4)=4.1612144940e-001; 
w20=-1.8347203404e-001; w2(1)=-2.9733148310e-001; w2(2)=4.8815625327e-001; w2(3)=-2.2911441173e-001; w2(4)=-1.3676615930e-001; w2(5)=1.4612093489e-001; w2(6)=-1.8135696523e-001; w2(7)=-4.7546253243e-002; 

