
%liczba neuronów ukrytych: 4, liczba wejœæ sieci: 5
%wejœcie 1: u(k-5)
%wejœcie 2: u(k-6)
%wejœcie 3: u(k-7)
%wejœcie 4: y(k-1)
%wejœcie 5: y(k-2)
%uczenie w trybie OE
w10(1,1)=3.8011735078e-001; w1(1,1)=-1.3552541175e-001; w1(1,2)=8.2025882164e-004; w1(1,3)=5.2047649449e-001; w1(1,4)=-4.1600643390e-002; w1(1,5)=1.3996910530e+000; 
w10(2,1)=2.7286010209e-003; w1(2,1)=-6.1025315531e-001; w1(2,2)=-2.0222617637e-001; w1(2,3)=-2.0721319882e-001; w1(2,4)=9.2897130062e-002; w1(2,5)=-3.9228143260e-001; 
w10(3,1)=-4.7683344394e-001; w1(3,1)=1.8253653828e-001; w1(3,2)=8.4461752395e-002; w1(3,3)=-1.3134867888e+000; w1(3,4)=7.8577260323e-001; w1(3,5)=9.7447560961e-001; 
w10(4,1)=-2.6994952837e-003; w1(4,1)=-1.0529052823e+000; w1(4,2)=-1.1321349448e+000; w1(4,3)=-8.6289985341e-001; w1(4,4)=5.3957493979e-001; w1(4,5)=4.5976739372e-001; 
w20=-1.4703652076e-001; w2(1)=5.9203474143e-001; w2(2)=1.3622903325e-001; w2(3)=1.5199316451e-001; w2(4)=-9.6216818816e-002; 

