
%liczba neuronów ukrytych: 10, liczba wejœæ sieci: 5
%wejœcie 1: u(k-5)
%wejœcie 2: u(k-6)
%wejœcie 3: u(k-7)
%wejœcie 4: y(k-1)
%wejœcie 5: y(k-2)
%uczenie w trybie OE
w10(1,1)=-4.0983548337e-001; w1(1,1)=1.2473532407e-001; w1(1,2)=-4.4138338675e-001; w1(1,3)=-1.3277701121e+000; w1(1,4)=7.4603926372e-002; w1(1,5)=-5.0048996458e-001; 
w10(2,1)=-1.1094331403e-001; w1(2,1)=7.3444722921e-001; w1(2,2)=4.8144448395e-001; w1(2,3)=-5.3718713832e-001; w1(2,4)=1.0744674287e-001; w1(2,5)=-4.8301711983e-001; 
w10(3,1)=-6.0527688623e-001; w1(3,1)=7.6817244874e-001; w1(3,2)=3.0571999923e-001; w1(3,3)=-6.1997089367e-001; w1(3,4)=9.8911807407e-002; w1(3,5)=-1.1373166384e+000; 
w10(4,1)=-2.6497656333e-001; w1(4,1)=-3.2541560186e-001; w1(4,2)=-6.3735556260e-001; w1(4,3)=-1.3082403881e+000; w1(4,4)=1.6900567850e-001; w1(4,5)=-4.3937099663e-001; 
w10(5,1)=-4.0086744799e-001; w1(5,1)=1.0843231623e-002; w1(5,2)=-2.4173451147e-001; w1(5,3)=-6.6231899241e-001; w1(5,4)=3.8942328811e-001; w1(5,5)=-2.6646590482e-001; 
w10(6,1)=6.8248046225e-002; w1(6,1)=-1.7426121172e-001; w1(6,2)=-6.9587958746e-002; w1(6,3)=2.7403694961e-001; w1(6,4)=2.4163508435e-001; w1(6,5)=8.2889018803e-001; 
w10(7,1)=7.2735261182e-002; w1(7,1)=5.4945635975e-001; w1(7,2)=3.0739879606e-001; w1(7,3)=-3.5854211927e-001; w1(7,4)=-1.1193142030e-001; w1(7,5)=-1.1522498092e-001; 
w10(8,1)=-5.4534874760e-001; w1(8,1)=1.8933912209e-001; w1(8,2)=-5.6651844327e-002; w1(8,3)=-6.0168313714e-001; w1(8,4)=-1.1910850552e-001; w1(8,5)=-3.0149890049e-002; 
w10(9,1)=8.3117049386e-001; w1(9,1)=-1.4046488307e-001; w1(9,2)=2.7629471549e-001; w1(9,3)=8.0677604312e-001; w1(9,4)=-9.5708986684e-002; w1(9,5)=1.0580547286e+000; 
w10(10,1)=7.9941513635e-001; w1(10,1)=8.8499486362e-001; w1(10,2)=3.7854641079e-001; w1(10,3)=-7.4287611425e-001; w1(10,4)=-1.2920709556e-001; w1(10,5)=-1.5572589969e+000; 
w20=-1.2367280126e-001; w2(1)=1.9240776369e-001; w2(2)=2.5694715943e-001; w2(3)=-3.4036094026e-001; w2(4)=-2.1001310288e-001; w2(5)=4.0070646598e-001; w2(6)=2.5550671834e-001; w2(7)=2.3544051053e-001; w2(8)=-1.1151019945e-001; w2(9)=3.2125815709e-001; w2(10)=-2.5216755240e-001; 

