
%liczba neuronów ukrytych: 9, liczba wejœæ sieci: 4
%wejœcie 1: u(k-5)
%wejœcie 2: u(k-6)
%wejœcie 3: y(k-1)
%wejœcie 4: y(k-2)
%uczenie w trybie OE
w10(1,1)=4.8944048171e-001; w1(1,1)=2.1564216337e-001; w1(1,2)=1.0530844304e+000; w1(1,3)=1.2907919613e-001; w1(1,4)=8.4728335606e-001; 
w10(2,1)=7.6694060162e-002; w1(2,1)=-5.3796752606e-002; w1(2,2)=5.1824217477e-001; w1(2,3)=-5.2020013593e-001; w1(2,4)=2.5206325597e-002; 
w10(3,1)=-8.4504720706e-001; w1(3,1)=6.4299906694e-001; w1(3,2)=-7.4336626551e-001; w1(3,3)=-2.6271536688e-001; w1(3,4)=-1.0672019528e+000; 
w10(4,1)=-4.1257623682e-001; w1(4,1)=-6.1277383511e-001; w1(4,2)=9.0883157127e-003; w1(4,3)=1.4982110687e-001; w1(4,4)=7.5079440417e-001; 
w10(5,1)=-3.5048816479e-001; w1(5,1)=-9.0220157585e-001; w1(5,2)=2.4572500887e-001; w1(5,3)=2.9118689817e-002; w1(5,4)=8.7207609271e-001; 
w10(6,1)=-8.3558413936e-002; w1(6,1)=-2.1155990528e-001; w1(6,2)=-6.9761742703e-001; w1(6,3)=1.6485035309e-001; w1(6,4)=-2.9589918645e-001; 
w10(7,1)=-1.4726945297e-001; w1(7,1)=-4.6356984650e-001; w1(7,2)=7.3820861784e-001; w1(7,3)=1.9176207940e-001; w1(7,4)=1.0508285102e+000; 
w10(8,1)=9.1066876583e-002; w1(8,1)=3.0079643695e-001; w1(8,2)=-5.1068483505e-001; w1(8,3)=5.0399000511e-002; w1(8,4)=-4.2354346016e-001; 
w10(9,1)=-3.2785960194e-003; w1(9,1)=-7.1087528698e-001; w1(9,2)=-3.0985599646e-001; w1(9,3)=1.2451321680e-001; w1(9,4)=6.5069561004e-001; 
w20=-9.7958729946e-003; w2(1)=1.4670623362e-001; w2(2)=-4.2675486933e-001; w2(3)=-2.5593727550e-001; w2(4)=5.3775862336e-001; w2(5)=-1.5245044352e-001; w2(6)=4.8573813518e-002; w2(7)=2.7842854926e-001; w2(8)=3.4972423169e-002; w2(9)=-3.1755483920e-001; 

