
%liczba neuronów ukrytych: 4, liczba wejœæ sieci: 4
%wejœcie 1: u(k-5)
%wejœcie 2: u(k-6)
%wejœcie 3: y(k-1)
%wejœcie 4: y(k-2)
%uczenie w trybie OE
w10(1,1)=2.0121729145e-002; w1(1,1)=1.8624449683e-001; w1(1,2)=3.4351133027e-001; w1(1,3)=1.3368188301e-001; w1(1,4)=1.0736261711e-001; 
w10(2,1)=2.2570819191e-002; w1(2,1)=-5.0430867388e-002; w1(2,2)=-9.5354670178e-002; w1(2,3)=3.1476466859e-002; w1(2,4)=-2.4620024406e-002; 
w10(3,1)=-8.2420319273e-002; w1(3,1)=1.5435302827e-001; w1(3,2)=1.4535419752e-001; w1(3,3)=-5.1978980011e-002; w1(3,4)=-8.6825221718e-002; 
w10(4,1)=-3.2437054610e-002; w1(4,1)=-2.2992175949e-001; w1(4,2)=-4.3471733886e-001; w1(4,3)=-2.0917098295e-002; w1(4,4)=-1.9607428131e-001; 
w20=-1.0824171471e-001; w2(1)=4.3071606612e-001; w2(2)=1.9947103910e-004; w2(3)=-5.0063070309e-002; w2(4)=-3.5095024398e-001; 

