
%liczba neuronów ukrytych: 9, liczba wejœæ sieci: 4
%wejœcie 1: u(k-5)
%wejœcie 2: u(k-6)
%wejœcie 3: y(k-1)
%wejœcie 4: y(k-2)
%uczenie w trybie OE
w10(1,1)=-2.1235783383e-001; w1(1,1)=-7.5898003913e-001; w1(1,2)=-1.0957662595e+000; w1(1,3)=-5.8477215488e-002; w1(1,4)=-4.2196490918e-001; 
w10(2,1)=-9.6320212608e-001; w1(2,1)=1.1208884288e+000; w1(2,2)=-1.3235177024e+000; w1(2,3)=-3.2757848246e-001; w1(2,4)=-1.7867618747e+000; 
w10(3,1)=6.8586975254e-002; w1(3,1)=5.4441563428e-001; w1(3,2)=9.6826094800e-001; w1(3,3)=2.1231397181e-001; w1(3,4)=6.6488040758e-001; 
w10(4,1)=-1.7802342700e-001; w1(4,1)=3.6389253972e-003; w1(4,2)=-8.8401499054e-001; w1(4,3)=-1.7952689145e-001; w1(4,4)=-9.6374663466e-001; 
w10(5,1)=-8.7699362636e-002; w1(5,1)=9.6980356468e-001; w1(5,2)=5.5140618365e-001; w1(5,3)=-4.4432157617e-001; w1(5,4)=-5.9211496066e-001; 
w10(6,1)=2.7969771803e-001; w1(6,1)=2.1058625835e-001; w1(6,2)=7.6106212872e-001; w1(6,3)=-2.5981012303e-001; w1(6,4)=1.9141708973e-001; 
w10(7,1)=-7.7483836143e-002; w1(7,1)=-1.6962074687e-001; w1(7,2)=-4.9220369323e-001; w1(7,3)=1.6941752249e-001; w1(7,4)=1.0026097145e-001; 
w10(8,1)=3.4071680050e-001; w1(8,1)=2.7186054749e-001; w1(8,2)=3.8441913783e-002; w1(8,3)=-3.6431722520e-001; w1(8,4)=-1.0835592018e+000; 
w10(9,1)=-1.2781533990e-001; w1(9,1)=-3.4802197395e-001; w1(9,2)=-6.1353719422e-001; w1(9,3)=-3.6323245192e-001; w1(9,4)=-3.6978348280e-001; 
w20=-1.4450736809e-002; w2(1)=-5.7365344482e-002; w2(2)=-2.0381272113e-001; w2(3)=-4.0081596928e-002; w2(4)=-5.9473942588e-002; w2(5)=9.7491003340e-002; w2(6)=-5.0422482938e-002; w2(7)=1.2583921891e-001; w2(8)=-4.3459824946e-001; w2(9)=-1.3837426661e-001; 

