
%liczba neuronów ukrytych: 10, liczba wejœæ sieci: 4
%wejœcie 1: u(k-5)
%wejœcie 2: u(k-6)
%wejœcie 3: y(k-1)
%wejœcie 4: y(k-2)
%uczenie w trybie OE
w10(1,1)=-1.1508234812e-001; w1(1,1)=-2.4708597566e-001; w1(1,2)=8.2082226337e-001; w1(1,3)=-3.2545800600e-001; w1(1,4)=4.8242804359e-001; 
w10(2,1)=1.0913796799e-001; w1(2,1)=1.0691962551e-001; w1(2,2)=-9.3157279101e-001; w1(2,3)=5.4557748496e-001; w1(2,4)=-3.6014845520e-001; 
w10(3,1)=4.2264902884e-001; w1(3,1)=5.8646580240e-001; w1(3,2)=-1.6572738252e-002; w1(3,3)=-1.5045811458e-001; w1(3,4)=-6.8742770031e-001; 
w10(4,1)=2.0237581503e-001; w1(4,1)=-7.3400026752e-001; w1(4,2)=-9.0753378445e-001; w1(4,3)=3.4744064100e-001; w1(4,4)=5.1821328815e-001; 
w10(5,1)=4.3555700183e-001; w1(5,1)=-3.1436254533e-001; w1(5,2)=9.0229679905e-001; w1(5,3)=4.0195426120e-001; w1(5,4)=1.0134925567e+000; 
w10(6,1)=4.5523512460e-001; w1(6,1)=1.1491880028e-001; w1(6,2)=1.2613861301e+000; w1(6,3)=-1.6530066506e-001; w1(6,4)=5.8546438079e-001; 
w10(7,1)=2.0361353783e-001; w1(7,1)=4.5629103368e-001; w1(7,2)=-7.9025480670e-001; w1(7,3)=5.5412150469e-001; w1(7,4)=-3.3072524711e-001; 
w10(8,1)=3.6370201056e-002; w1(8,1)=-1.6150780847e-001; w1(8,2)=5.5615369739e-001; w1(8,3)=1.0642205242e-001; w1(8,4)=4.9819509916e-001; 
w10(9,1)=-2.2135948301e-001; w1(9,1)=-1.8151468702e-001; w1(9,2)=7.9356205630e-002; w1(9,3)=-3.3126319686e-001; w1(9,4)=-6.6832684213e-002; 
w10(10,1)=-9.2381114275e-002; w1(10,1)=4.8137056470e-001; w1(10,2)=-6.0760016161e-001; w1(10,3)=5.3442367712e-002; w1(10,4)=-3.8762678442e-001; 
w20=-1.9425179625e-001; w2(1)=-2.2339090662e-001; w2(2)=3.2337005309e-001; w2(3)=-2.4693709886e-001; w2(4)=-1.9379815031e-001; w2(5)=2.3827099857e-001; w2(6)=2.7386212743e-002; w2(7)=1.1316450471e-001; w2(8)=3.2325967548e-001; w2(9)=-3.8570876850e-001; w2(10)=-4.6640568826e-001; 

