
%liczba neuronów ukrytych: 3, liczba wejœæ sieci: 4
%wejœcie 1: u(k-5)
%wejœcie 2: u(k-6)
%wejœcie 3: y(k-1)
%wejœcie 4: y(k-2)
%uczenie w trybie OE
w10(1,1)=1.0093226254e-001; w1(1,1)=5.3088366073e-001; w1(1,2)=-3.4648509056e-001; w1(1,3)=4.9315054093e-001; w1(1,4)=1.1295886591e+000; 
w10(2,1)=8.5899190624e-001; w1(2,1)=1.6485927143e-001; w1(2,2)=6.4760513598e-001; w1(2,3)=-3.1952125637e-001; w1(2,4)=-6.3589751810e-001; 
w10(3,1)=-3.2616097115e-001; w1(3,1)=1.1404304944e-001; w1(3,2)=-4.5912147101e-001; w1(3,3)=-7.4623031051e-001; w1(3,4)=-4.5942069037e-001; 
w20=-2.3651702034e-002; w2(1)=-8.7221030631e-003; w2(2)=-2.7542128113e-001; w2(3)=-6.8622607123e-001; 

