
%liczba neuronów ukrytych: 4, liczba wejœæ sieci: 4
%wejœcie 1: u(k-5)
%wejœcie 2: u(k-6)
%wejœcie 3: y(k-1)
%wejœcie 4: y(k-2)
%uczenie w trybie OE
w10(1,1)=8.5107019807e-002; w1(1,1)=1.9146483311e-001; w1(1,2)=1.6414416797e-002; w1(1,3)=3.4626822288e-003; w1(1,4)=-1.6519034005e-002; 
w10(2,1)=4.2541927188e-002; w1(2,1)=-8.6479863568e-003; w1(2,2)=-1.4730061772e-001; w1(2,3)=3.1263483911e-002; w1(2,4)=-5.3039124160e-002; 
w10(3,1)=1.7660380439e-001; w1(3,1)=4.6033486126e-001; w1(3,2)=5.9364723455e-001; w1(3,3)=1.3462316104e-001; w1(3,4)=2.2211465883e-001; 
w10(4,1)=-3.1807189922e-002; w1(4,1)=1.2122489308e-001; w1(4,2)=2.2820342933e-001; w1(4,3)=-3.5626181846e-003; w1(4,4)=6.3174987946e-002; 
w20=-1.4067309647e-001; w2(1)=-3.4222305078e-002; w2(2)=1.4781525030e-002; w2(3)=4.6131252134e-001; w2(4)=1.1859028966e-001; 

