
%liczba neuronów ukrytych: 7, liczba wejœæ sieci: 4
%wejœcie 1: u(k-5)
%wejœcie 2: u(k-6)
%wejœcie 3: y(k-1)
%wejœcie 4: y(k-2)
%uczenie w trybie OE
w10(1,1)=-9.6381195550e-002; w1(1,1)=2.8372405739e-001; w1(1,2)=6.3731819921e-001; w1(1,3)=1.8896237247e-002; w1(1,4)=3.2947941551e-001; 
w10(2,1)=2.1693734419e-001; w1(2,1)=3.0640677856e-001; w1(2,2)=6.7203927088e-001; w1(2,3)=3.3057695962e-002; w1(2,4)=-1.9622138400e-001; 
w10(3,1)=-3.6069514324e-001; w1(3,1)=-1.3680454742e-001; w1(3,2)=-2.1535981654e-001; w1(3,3)=-4.3023891437e-001; w1(3,4)=-5.8503946974e-001; 
w10(4,1)=4.6943378384e-001; w1(4,1)=2.2735131724e-001; w1(4,2)=1.4819583946e-001; w1(4,3)=-5.2643316487e-001; w1(4,4)=-4.0516740954e-001; 
w10(5,1)=-9.1729812919e-002; w1(5,1)=-1.1218041683e+000; w1(5,2)=-1.2304779770e+000; w1(5,3)=2.9991319530e-001; w1(5,4)=9.5986126773e-002; 
w10(6,1)=1.4986269754e-001; w1(6,1)=5.6704071488e-001; w1(6,2)=-1.7970596154e-001; w1(6,3)=3.8498253551e-001; w1(6,4)=-5.9532789709e-001; 
w10(7,1)=-4.7056560768e-001; w1(7,1)=7.4898473609e-002; w1(7,2)=-2.6319522590e-001; w1(7,3)=-1.7720690243e-001; w1(7,4)=-7.3843631654e-001; 
w20=-3.0397501063e-002; w2(1)=7.5558563446e-003; w2(2)=-4.1575395848e-002; w2(3)=-4.9056827032e-001; w2(4)=-3.9284901392e-001; w2(5)=-8.4718172951e-002; w2(6)=-1.6651460199e-001; w2(7)=-1.3714983033e-001; 

