
%liczba neuronów ukrytych: 3, liczba wejœæ sieci: 4
%wejœcie 1: u(k-5)
%wejœcie 2: u(k-6)
%wejœcie 3: y(k-1)
%wejœcie 4: y(k-2)
%uczenie w trybie OE
w10(1,1)=-3.5060852155e-001; w1(1,1)=6.0603929512e-002; w1(1,2)=-1.7318251646e-001; w1(1,3)=-1.2857630260e+000; w1(1,4)=6.9757929859e-002; 
w10(2,1)=1.0651856312e-001; w1(2,1)=9.2557986594e-002; w1(2,2)=-3.6678541733e+000; w1(2,3)=2.7930127421e-001; w1(2,4)=1.1295466403e+000; 
w10(3,1)=-9.6780170723e-002; w1(3,1)=-1.3702978146e-001; w1(3,2)=-6.8080203766e-001; w1(3,3)=1.9736612344e+000; w1(3,4)=1.0042437667e-001; 
w20=-2.1423339962e-001; w2(1)=-6.7425147413e-001; w2(2)=-3.5619796905e-002; w2(3)=9.5980370542e-002; 

