
%liczba neuronów ukrytych: 5, liczba wejœæ sieci: 4
%wejœcie 1: u(k-5)
%wejœcie 2: u(k-6)
%wejœcie 3: y(k-1)
%wejœcie 4: y(k-2)
%uczenie w trybie OE
w10(1,1)=2.5965553126e-002; w1(1,1)=-1.5898899218e+000; w1(1,2)=2.2519412132e-001; w1(1,3)=-7.6002257482e-001; w1(1,4)=1.3209666308e+000; 
w10(2,1)=3.6380652823e-001; w1(2,1)=-5.0227874644e-001; w1(2,2)=1.1404616217e+000; w1(2,3)=-1.4684659328e-001; w1(2,4)=1.2581463108e+000; 
w10(3,1)=-4.3634692872e-001; w1(3,1)=-1.5383483399e-001; w1(3,2)=-1.7469657830e-001; w1(3,3)=5.6405554632e-001; w1(3,4)=2.2427384780e-001; 
w10(4,1)=-2.6063749265e-001; w1(4,1)=-3.9891898605e-001; w1(4,2)=-1.0266344493e-001; w1(4,3)=-6.1396453852e-001; w1(4,4)=6.3576921716e-001; 
w10(5,1)=-4.0209763654e-001; w1(5,1)=5.8168485917e-002; w1(5,2)=-2.3836505292e-002; w1(5,3)=-6.1095585377e-001; w1(5,4)=7.9958247977e-002; 
w20=-1.1720453218e-001; w2(1)=-1.3326194427e-001; w2(2)=2.8189210007e-001; w2(3)=5.3609023532e-001; w2(4)=1.2636592630e-001; w2(5)=-7.1993394158e-001; 

