
%liczba neuronów ukrytych: 5, liczba wejœæ sieci: 5
%wejœcie 1: u(k-5)
%wejœcie 2: u(k-6)
%wejœcie 3: u(k-7)
%wejœcie 4: y(k-1)
%wejœcie 5: y(k-2)
%uczenie w trybie OE
w10(1,1)=-4.7055951945e-002; w1(1,1)=3.7918083869e-001; w1(1,2)=-1.9976617996e-001; w1(1,3)=-1.3124246762e+000; w1(1,4)=7.0105986231e-001; w1(1,5)=-1.5051216159e-001; 
w10(2,1)=9.3889577547e-002; w1(2,1)=4.7741093551e-001; w1(2,2)=4.8121355780e-001; w1(2,3)=7.5878124180e-001; w1(2,4)=-4.8213906501e-002; w1(2,5)=-3.4053488541e-001; 
w10(3,1)=1.6233301677e-001; w1(3,1)=-2.4618458764e-001; w1(3,2)=-1.6674746424e-002; w1(3,3)=3.2025594753e-001; w1(3,4)=-3.1567600044e-001; w1(3,5)=7.0393169995e-001; 
w10(4,1)=-3.9839024335e-001; w1(4,1)=1.2577866144e-001; w1(4,2)=-1.9363257968e-001; w1(4,3)=-4.0744923181e-001; w1(4,4)=-9.0202727285e-002; w1(4,5)=-1.1258647098e+000; 
w10(5,1)=5.1052085490e-001; w1(5,1)=1.9254292424e-001; w1(5,2)=2.8363717670e-001; w1(5,3)=2.8475711082e-001; w1(5,4)=-3.1421628459e-001; w1(5,5)=-9.8665122997e-001; 
w20=-8.0445273157e-002; w2(1)=1.4824510509e-001; w2(2)=1.8609075023e-001; w2(3)=3.4739518304e-001; w2(4)=-3.9288985848e-001; w2(5)=-2.8532872116e-001; 

