
%liczba neuronów ukrytych: 3, liczba wejœæ sieci: 5
%wejœcie 1: u(k-5)
%wejœcie 2: u(k-6)
%wejœcie 3: u(k-7)
%wejœcie 4: y(k-1)
%wejœcie 5: y(k-2)
%uczenie w trybie OE
w10(1,1)=-3.1146690309e-001; w1(1,1)=1.4205429874e-002; w1(1,2)=-2.2060308332e-001; w1(1,3)=-1.2115796057e-001; w1(1,4)=1.1275377193e+000; w1(1,5)=3.0722142870e-001; 
w10(2,1)=2.1343123988e+000; w1(2,1)=9.0147521516e-001; w1(2,2)=9.0946737762e-001; w1(2,3)=1.1825961095e+000; w1(2,4)=-3.9410214039e-001; w1(2,5)=4.7632329110e-001; 
w10(3,1)=6.1081951254e-001; w1(3,1)=-2.4084893338e-002; w1(3,2)=2.8261286048e-001; w1(3,3)=3.8949400551e-001; w1(3,4)=-4.4432727249e-001; w1(3,5)=1.3085548194e+000; 
w20=-1.0980142048e-001; w2(1)=3.9377641029e-001; w2(2)=-8.8298936532e-002; w2(3)=5.7774738088e-001; 

