
%liczba neuronów ukrytych: 2, liczba wejœæ sieci: 5
%wejœcie 1: u(k-5)
%wejœcie 2: u(k-6)
%wejœcie 3: u(k-7)
%wejœcie 4: y(k-1)
%wejœcie 5: y(k-2)
%uczenie w trybie OE
w10(1,1)=6.1184128119e-001; w1(1,1)=1.2590530384e-001; w1(1,2)=-2.0487235141e-001; w1(1,3)=8.8765856303e-001; w1(1,4)=-9.6649206171e-001; w1(1,5)=-7.4079622910e-002; 
w10(2,1)=3.0128156559e-001; w1(2,1)=-2.5721326754e-002; w1(2,2)=-1.2954481900e-002; w1(2,3)=6.3598054721e-001; w1(2,4)=-6.8138105730e-002; w1(2,5)=9.3265275799e-001; 
w20=5.1255349511e-002; w2(1)=-4.6088168881e-001; w2(2)=6.8210984318e-001; 

