
%liczba neuronów ukrytych: 3, liczba wejœæ sieci: 4
%wejœcie 1: u(k-5)
%wejœcie 2: u(k-6)
%wejœcie 3: y(k-1)
%wejœcie 4: y(k-2)
%uczenie w trybie OE
w10(1,1)=1.0259812882e-002; w1(1,1)=-2.0848984870e-002; w1(1,2)=-1.0884075574e+000; w1(1,3)=-6.2094248633e-001; w1(1,4)=9.2914659730e-001; 
w10(2,1)=-1.8072710048e-001; w1(2,1)=-2.8617273402e-002; w1(2,2)=-2.4637276763e-001; w1(2,3)=2.2006259081e-001; w1(2,4)=2.3101103642e-001; 
w10(3,1)=-2.3609161561e-001; w1(3,1)=1.6783294661e-002; w1(3,2)=-2.9934948138e-001; w1(3,3)=-1.2642903371e+000; w1(3,4)=5.4689417680e-001; 
w20=2.2887181326e-002; w2(1)=-1.4033268503e-001; w2(2)=1.0789261818e+000; w2(3)=-7.3878949194e-001; 

