
%liczba neuronów ukrytych: 2, liczba wejœæ sieci: 4
%wejœcie 1: u(k-5)
%wejœcie 2: u(k-6)
%wejœcie 3: y(k-1)
%wejœcie 4: y(k-2)
%uczenie w trybie OE
w10(1,1)=-3.6785238842e-001; w1(1,1)=1.9097322084e+000; w1(1,2)=-2.5275771790e+000; w1(1,3)=4.7669749876e-001; w1(1,4)=-1.3012941839e-001; 
w10(2,1)=-2.7351814175e-001; w1(2,1)=7.3790119498e-001; w1(2,2)=-1.1364561921e+000; w1(2,3)=-1.5110117080e-003; w1(2,4)=-6.8385551863e-001; 
w20=-8.8649857108e-002; w2(1)=5.8194556367e-001; w2(2)=-1.0958136861e+000; 

