
%liczba neuronów ukrytych: 1, liczba wejœæ sieci: 5
%wejœcie 1: u(k-5)
%wejœcie 2: u(k-6)
%wejœcie 3: u(k-7)
%wejœcie 4: y(k-1)
%wejœcie 5: y(k-2)
%uczenie w trybie OE
w10(1,1)=-3.5860588825e-001; w1(1,1)=1.1392252935e-001; w1(1,2)=-1.4247787805e-001; w1(1,3)=-2.1524906997e-001; w1(1,4)=1.1942756800e-001; w1(1,5)=-1.6453443535e+000; 
w20=-2.0461275377e-001; w2(1)=-6.0436551499e-001; 

