
%liczba neuronów ukrytych: 9, liczba wejœæ sieci: 5
%wejœcie 1: u(k-5)
%wejœcie 2: u(k-6)
%wejœcie 3: u(k-7)
%wejœcie 4: y(k-1)
%wejœcie 5: y(k-2)
%uczenie w trybie OE
w10(1,1)=2.1282130598e-001; w1(1,1)=2.9120345227e-001; w1(1,2)=1.6988021378e-001; w1(1,3)=-3.3463526061e-001; w1(1,4)=-1.2319996191e-001; w1(1,5)=-1.3722476231e-002; 
w10(2,1)=9.3180628834e-002; w1(2,1)=-3.6281101219e-002; w1(2,2)=2.2533695888e-001; w1(2,3)=9.4525809031e-001; w1(2,4)=3.3104844960e-001; w1(2,5)=1.2046334453e+000; 
w10(3,1)=-2.5556940936e-001; w1(3,1)=2.6518000409e-001; w1(3,2)=4.0419308493e-002; w1(3,3)=-7.3027595932e-001; w1(3,4)=3.5048627186e-002; w1(3,5)=-1.1166314115e+000; 
w10(4,1)=2.3793969995e-001; w1(4,1)=2.6120585949e-001; w1(4,2)=8.9257671693e-002; w1(4,3)=-1.9705862106e-002; w1(4,4)=-2.2734199105e-001; w1(4,5)=-9.7332045076e-001; 
w10(5,1)=6.1063233995e-001; w1(5,1)=-1.5537341264e-001; w1(5,2)=1.8356973777e-001; w1(5,3)=8.1832330464e-001; w1(5,4)=4.3895955173e-001; w1(5,5)=8.4851444748e-001; 
w10(6,1)=3.8551373194e-001; w1(6,1)=-3.3302389957e-001; w1(6,2)=-2.1532155337e-001; w1(6,3)=-5.1567972064e-001; w1(6,4)=-3.3149680267e-001; w1(6,5)=5.4943688158e-002; 
w10(7,1)=5.7884338164e-002; w1(7,1)=8.4864188081e-001; w1(7,2)=5.9916958509e-001; w1(7,3)=9.2443745864e-002; w1(7,4)=-4.4200750493e-001; w1(7,5)=-2.5294777173e-001; 
w10(8,1)=5.2824150307e-001; w1(8,1)=6.4402716598e-001; w1(8,2)=4.9676592350e-001; w1(8,3)=3.8846121379e-001; w1(8,4)=-9.5177871164e-002; w1(8,5)=-8.7309490133e-001; 
w10(9,1)=-4.5283829960e-001; w1(9,1)=2.4169458960e-001; w1(9,2)=-9.8508238041e-002; w1(9,3)=-9.4647141212e-002; w1(9,4)=-1.5003586324e-001; w1(9,5)=-7.9604418709e-001; 
w20=-1.3406914941e-001; w2(1)=1.3608068026e-001; w2(2)=4.4273400453e-002; w2(3)=-1.2437487520e-001; w2(4)=-3.6885418118e-001; w2(5)=1.4983089687e-001; w2(6)=1.1204991704e-001; w2(7)=2.4050324283e-001; w2(8)=-1.5990467610e-001; w2(9)=-2.2824944043e-001; 

