
%liczba neuronów ukrytych: 3, liczba wejœæ sieci: 5
%wejœcie 1: u(k-5)
%wejœcie 2: u(k-6)
%wejœcie 3: u(k-7)
%wejœcie 4: y(k-1)
%wejœcie 5: y(k-2)
%uczenie w trybie OE
w10(1,1)=-2.4877112187e-001; w1(1,1)=-4.0054086242e-002; w1(1,2)=-1.1584581391e-001; w1(1,3)=-8.7803253200e-001; w1(1,4)=-7.1505039825e-001; w1(1,5)=2.3714985842e-001; 
w10(2,1)=3.4413785513e-001; w1(2,1)=5.4244419856e-002; w1(2,2)=1.8038356735e-001; w1(2,3)=-2.6276790450e-001; w1(2,4)=1.3326785874e-001; w1(2,5)=1.0481707456e+000; 
w10(3,1)=7.6816591999e-001; w1(3,1)=1.6219809371e-001; w1(3,2)=1.4832965209e-001; w1(3,3)=1.4454312476e-001; w1(3,4)=4.8807096583e-002; w1(3,5)=-7.8738274784e-001; 
w20=2.7640192501e-001; w2(1)=-3.5292568383e-001; w2(2)=3.6244301393e-001; w2(3)=-7.4742709837e-001; 

