
%liczba neuronów ukrytych: 2, liczba wejœæ sieci: 4
%wejœcie 1: u(k-5)
%wejœcie 2: u(k-6)
%wejœcie 3: y(k-1)
%wejœcie 4: y(k-2)
%uczenie w trybie OE
w10(1,1)=-3.0839753651e-001; w1(1,1)=-3.9642960785e-001; w1(1,2)=7.4944947630e+000; w1(1,3)=-2.3074128851e+000; w1(1,4)=-1.9108006120e+000; 
w10(2,1)=-4.9520247385e-001; w1(2,1)=-2.5731513161e-002; w1(2,2)=-3.2841560966e-003; w1(2,3)=-1.3878682545e+000; w1(2,4)=-5.4826364706e-001; 
w20=-2.3222222944e-001; w2(1)=4.3162336375e-002; w2(2)=-5.3342416692e-001; 

