
%liczba neuronów ukrytych: 4, liczba wejœæ sieci: 4
%wejœcie 1: u(k-5)
%wejœcie 2: u(k-6)
%wejœcie 3: y(k-1)
%wejœcie 4: y(k-2)
%uczenie w trybie ARX
w10(1,1)=8.2948582632e-002; w1(1,1)=2.5269584631e-002; w1(1,2)=-1.2218439423e-001; w1(1,3)=-2.1704828444e-001; w1(1,4)=-4.7127382943e-001; 
w10(2,1)=4.6246280125e-001; w1(2,1)=1.3972663508e-001; w1(2,2)=1.1834100087e-001; w1(2,3)=4.2721196523e-002; w1(2,4)=-4.6607431606e-001; 
w10(3,1)=-6.2480892854e-001; w1(3,1)=-1.2606939756e-001; w1(3,2)=-5.0038606159e-001; w1(3,3)=-8.0953181024e-001; w1(3,4)=-1.4550224001e+000; 
w10(4,1)=-3.8615218760e-001; w1(4,1)=-1.1747094858e-001; w1(4,2)=-2.6346395490e-001; w1(4,3)=-1.4556173860e+000; w1(4,4)=-2.5825101225e-002; 
w20=6.5839116281e-002; w2(1)=2.4504173235e-001; w2(2)=-7.1304878638e-001; w2(3)=3.3118583176e-001; w2(4)=-1.1050001603e+000; 

