
%liczba neuronów ukrytych: 6, liczba wejœæ sieci: 5
%wejœcie 1: u(k-5)
%wejœcie 2: u(k-6)
%wejœcie 3: u(k-7)
%wejœcie 4: y(k-1)
%wejœcie 5: y(k-2)
%uczenie w trybie OE
w10(1,1)=-1.4604934052e-001; w1(1,1)=-3.9305355163e-001; w1(1,2)=-2.7131450161e-001; w1(1,3)=-6.3373475358e-002; w1(1,4)=2.9700208898e-001; w1(1,5)=5.8493407844e-001; 
w10(2,1)=4.0395039270e-001; w1(2,1)=-8.6263189522e-002; w1(2,2)=-7.7028570095e-002; w1(2,3)=8.0994389121e-001; w1(2,4)=-6.7826616359e-001; w1(2,5)=-5.5329391778e-001; 
w10(3,1)=8.0604077414e-003; w1(3,1)=-7.8759964027e-001; w1(3,2)=-1.1270844847e+000; w1(3,3)=-1.0996736805e+000; w1(3,4)=8.5526466832e-001; w1(3,5)=4.3701671041e-001; 
w10(4,1)=-4.1943883719e-001; w1(4,1)=-1.8431167607e-003; w1(4,2)=2.4060655761e-002; w1(4,3)=-4.9772645402e-001; w1(4,4)=1.2021753957e-001; w1(4,5)=-1.4309484979e+000; 
w10(5,1)=1.8796410950e-001; w1(5,1)=-2.4174358740e-001; w1(5,2)=1.8378977110e-001; w1(5,3)=7.0525496479e-001; w1(5,4)=-1.1829606871e-001; w1(5,5)=3.3874850350e-001; 
w10(6,1)=-1.3078840964e-001; w1(6,1)=-8.2457744215e-001; w1(6,2)=-2.5053788242e-001; w1(6,3)=9.1287498666e-001; w1(6,4)=-5.0441943661e-001; w1(6,5)=1.1506935864e+000; 
w20=-4.6393356451e-002; w2(1)=1.1905134248e-001; w2(2)=-2.8883773173e-001; w2(3)=-6.5653610839e-002; w2(4)=-3.9152414074e-001; w2(5)=1.3770486972e-001; w2(6)=4.3834684995e-002; 

