
%liczba neuronów ukrytych: 3, liczba wejœæ sieci: 5
%wejœcie 1: u(k-5)
%wejœcie 2: u(k-6)
%wejœcie 3: u(k-7)
%wejœcie 4: y(k-1)
%wejœcie 5: y(k-2)
%uczenie w trybie OE
w10(1,1)=-8.5218918126e-002; w1(1,1)=-3.8890774526e-001; w1(1,2)=-5.7617526312e-002; w1(1,3)=-2.5193262620e+000; w1(1,4)=5.5938288567e-001; w1(1,5)=5.2609252475e-001; 
w10(2,1)=-4.4068579018e-001; w1(2,1)=9.6814918085e-002; w1(2,2)=3.6326071315e-002; w1(2,3)=-4.4223461432e-001; w1(2,4)=-1.3225099726e-001; w1(2,5)=-1.4534867739e+000; 
w10(3,1)=-3.7880715118e-001; w1(3,1)=-2.7909222507e-001; w1(3,2)=4.1246960185e-001; w1(3,3)=-1.1307412087e+000; w1(3,4)=1.1266665483e-001; w1(3,5)=1.7171611601e+000; 
w20=-1.2973345489e-001; w2(1)=-8.3360609149e-002; w2(2)=-4.5354022352e-001; w2(3)=1.7717100840e-001; 

