
%liczba neuronów ukrytych: 1, liczba wejœæ sieci: 4
%wejœcie 1: u(k-5)
%wejœcie 2: u(k-6)
%wejœcie 3: y(k-1)
%wejœcie 4: y(k-2)
%uczenie w trybie OE
w10(1,1)=2.8854683420e-001; w1(1,1)=-1.0720890100e-001; w1(1,2)=2.2640751560e-001; w1(1,3)=9.4657008215e-001; w1(1,4)=3.4768537630e-001; 
w20=-2.0528783344e-001; w2(1)=7.3823308367e-001; 

