
%liczba neuronów ukrytych: 7, liczba wejœæ sieci: 5
%wejœcie 1: u(k-5)
%wejœcie 2: u(k-6)
%wejœcie 3: u(k-7)
%wejœcie 4: y(k-1)
%wejœcie 5: y(k-2)
%uczenie w trybie OE
w10(1,1)=-3.2370936052e-002; w1(1,1)=3.3730623203e-001; w1(1,2)=1.1699855278e-001; w1(1,3)=-4.6166091491e-002; w1(1,4)=1.8699395053e-001; w1(1,5)=-2.6170410020e-001; 
w10(2,1)=-8.8886364177e-002; w1(2,1)=8.6716187952e-002; w1(2,2)=-2.1940756888e-001; w1(2,3)=-9.9084610896e-001; w1(2,4)=7.3098144742e-002; w1(2,5)=-4.1708635864e-001; 
w10(3,1)=-4.3634746175e-001; w1(3,1)=-7.5163898677e-001; w1(3,2)=-3.7381451011e-001; w1(3,3)=2.6308679259e-001; w1(3,4)=1.6968145425e-001; w1(3,5)=4.3102547364e-001; 
w10(4,1)=3.1210140508e-001; w1(4,1)=-4.4531131073e-001; w1(4,2)=-1.4727809953e-001; w1(4,3)=7.1183489961e-001; w1(4,4)=2.5930504619e-001; w1(4,5)=8.8026858912e-001; 
w10(5,1)=1.0547621512e-001; w1(5,1)=-5.8028328741e-001; w1(5,2)=-8.3839011588e-002; w1(5,3)=1.2757118488e+000; w1(5,4)=-2.8346962689e-002; w1(5,5)=4.3361683556e-003; 
w10(6,1)=7.5985690364e-001; w1(6,1)=-3.9479777457e-001; w1(6,2)=3.8940252668e-001; w1(6,3)=1.1270817048e+000; w1(6,4)=-3.8731044046e-001; w1(6,5)=8.2090616824e-001; 
w10(7,1)=-6.8294805319e-001; w1(7,1)=-7.5975607390e-001; w1(7,2)=-2.7133829622e-001; w1(7,3)=1.0966775050e-001; w1(7,4)=3.9842718832e-002; w1(7,5)=1.1103722308e+000; 
w20=-8.5651197954e-002; w2(1)=-1.1475002005e-001; w2(2)=-3.9193972252e-001; w2(3)=-2.2025216031e-001; w2(4)=4.8831678513e-001; w2(5)=-5.0695295786e-001; w2(6)=1.1495179574e-001; w2(7)=3.5549986810e-001; 

