
%liczba neuronów ukrytych: 6, liczba wejœæ sieci: 4
%wejœcie 1: u(k-5)
%wejœcie 2: u(k-6)
%wejœcie 3: y(k-1)
%wejœcie 4: y(k-2)
%uczenie w trybie OE
w10(1,1)=4.1128739610e-001; w1(1,1)=5.4181475043e-001; w1(1,2)=3.3921342745e-002; w1(1,3)=-1.0057208795e-001; w1(1,4)=-9.5456350163e-001; 
w10(2,1)=4.0050063866e-001; w1(2,1)=6.7388925891e-001; w1(2,2)=6.6129743974e-001; w1(2,3)=5.1435118183e-001; w1(2,4)=-3.2306537964e-001; 
w10(3,1)=6.4610859671e-002; w1(3,1)=6.1045412324e-001; w1(3,2)=-7.4891318142e-001; w1(3,3)=3.6916709156e-001; w1(3,4)=-2.9063576517e-001; 
w10(4,1)=6.3985631024e-001; w1(4,1)=-8.8785197567e-001; w1(4,2)=1.5894081359e+000; w1(4,3)=-8.1999676110e-001; w1(4,4)=1.1699952728e+000; 
w10(5,1)=-3.1141318364e-001; w1(5,1)=6.0427115703e-001; w1(5,2)=-7.2441025471e-001; w1(5,3)=-2.4533244987e-001; w1(5,4)=-5.7891584732e-001; 
w10(6,1)=-4.1085166048e-001; w1(6,1)=1.2750139467e+000; w1(6,2)=-9.8701062455e-001; w1(6,3)=2.0118551038e-001; w1(6,4)=-1.7293392027e+000; 
w20=-1.5799261495e-001; w2(1)=-2.2494291424e-001; w2(2)=1.8339202363e-001; w2(3)=3.9638489726e-001; w2(4)=-2.8077500113e-001; w2(5)=-1.2614881630e+000; w2(6)=1.8561640507e-001; 

