
%liczba neuronów ukrytych: 5, liczba wejœæ sieci: 4
%wejœcie 1: u(k-5)
%wejœcie 2: u(k-6)
%wejœcie 3: y(k-1)
%wejœcie 4: y(k-2)
%uczenie w trybie OE
w10(1,1)=9.5329088729e-002; w1(1,1)=-4.4847239644e-001; w1(1,2)=3.5544511290e-001; w1(1,3)=3.0439522698e-001; w1(1,4)=6.1395355133e-001; 
w10(2,1)=2.2629295593e-002; w1(2,1)=-3.3356315708e-002; w1(2,2)=-1.4239197863e+000; w1(2,3)=7.6204565540e-001; w1(2,4)=3.9899064820e-001; 
w10(3,1)=3.3588298942e-003; w1(3,1)=-1.3587135830e-001; w1(3,2)=1.3024801367e+000; w1(3,3)=-5.7179257754e-001; w1(3,4)=-5.4070426815e-001; 
w10(4,1)=-3.4649654318e-001; w1(4,1)=1.5020466326e+000; w1(4,2)=-3.2153624994e-001; w1(4,3)=-1.2860058533e-001; w1(4,4)=-1.8042395209e+000; 
w10(5,1)=4.7333462102e-001; w1(5,1)=-4.7692322005e-001; w1(5,2)=1.3092707942e+000; w1(5,3)=4.4767753321e-001; w1(5,4)=8.3748784734e-001; 
w20=-1.1138432093e-001; w2(1)=6.4856322216e-001; w2(2)=-5.7117439048e-001; w2(3)=-7.9257892533e-001; w2(4)=1.2588962123e-001; w2(5)=2.4483620499e-001; 

