
%liczba neuronów ukrytych: 5, liczba wejœæ sieci: 5
%wejœcie 1: u(k-5)
%wejœcie 2: u(k-6)
%wejœcie 3: u(k-7)
%wejœcie 4: y(k-1)
%wejœcie 5: y(k-2)
%uczenie w trybie OE
w10(1,1)=5.6171004284e-001; w1(1,1)=-6.5040800680e-001; w1(1,2)=-6.4006626495e-001; w1(1,3)=-2.7259726924e-001; w1(1,4)=1.2825595091e-001; w1(1,5)=1.2923349630e+000; 
w10(2,1)=-2.3428683539e-001; w1(2,1)=5.5290383530e-001; w1(2,2)=-8.4349984169e-002; w1(2,3)=-1.2530728673e+000; w1(2,4)=-3.3378701265e-001; w1(2,5)=-9.4563184919e-001; 
w10(3,1)=-3.1426345800e-001; w1(3,1)=3.4174761715e-001; w1(3,2)=-1.5546351832e-001; w1(3,3)=-1.0073580470e+000; w1(3,4)=-7.9090414220e-001; w1(3,5)=-4.3883880943e-001; 
w10(4,1)=8.0299417426e-001; w1(4,1)=1.6438312589e-001; w1(4,2)=-9.6592292604e-002; w1(4,3)=-5.5729578413e-001; w1(4,4)=-7.1645897712e-002; w1(4,5)=3.5417153866e-001; 
w10(5,1)=-2.8753462385e-002; w1(5,1)=2.7203527715e-001; w1(5,2)=1.2433867062e-001; w1(5,3)=-1.1928381242e-001; w1(5,4)=8.6830569746e-002; w1(5,5)=-1.1581232011e+000; 
w20=-3.1878601240e-001; w2(1)=-1.8845450984e-001; w2(2)=5.0979191589e-001; w2(3)=-7.8728379396e-001; w2(4)=4.0922292666e-001; w2(5)=-6.8390434134e-001; 

