
%liczba neuronów ukrytych: 7, liczba wejœæ sieci: 5
%wejœcie 1: u(k-5)
%wejœcie 2: u(k-6)
%wejœcie 3: u(k-7)
%wejœcie 4: y(k-1)
%wejœcie 5: y(k-2)
%uczenie w trybie OE
w10(1,1)=-7.3486871020e-002; w1(1,1)=-8.0249043797e-001; w1(1,2)=-9.4382767928e-001; w1(1,3)=-1.5997096023e+000; w1(1,4)=4.9508195220e-001; w1(1,5)=1.1871115897e-001; 
w10(2,1)=5.5716177146e-001; w1(2,1)=2.0464021543e-001; w1(2,2)=3.5603140940e-001; w1(2,3)=1.5947682704e-001; w1(2,4)=-2.8852221986e-001; w1(2,5)=9.1274891767e-001; 
w10(3,1)=8.9096118824e-001; w1(3,1)=6.4733400796e-001; w1(3,2)=6.6741801988e-001; w1(3,3)=1.4360514635e-001; w1(3,4)=-7.6370201010e-001; w1(3,5)=-1.4348852144e+000; 
w10(4,1)=2.5559559977e-001; w1(4,1)=-3.0257174795e-002; w1(4,2)=2.1535297185e-001; w1(4,3)=4.1562591618e-001; w1(4,4)=2.2128071297e-001; w1(4,5)=-4.5401130504e-001; 
w10(5,1)=-2.9099236595e-001; w1(5,1)=-3.9319860013e-002; w1(5,2)=-6.3729120660e-002; w1(5,3)=-6.4446248291e-002; w1(5,4)=3.4168595576e-001; w1(5,5)=1.7300363920e-001; 
w10(6,1)=-7.7935831019e-001; w1(6,1)=6.5477647570e-001; w1(6,2)=-1.7341942508e-001; w1(6,3)=-1.4763565920e+000; w1(6,4)=-3.2018617669e-001; w1(6,5)=-1.6932924991e+000; 
w10(7,1)=2.5462166949e-001; w1(7,1)=-1.4430499768e-001; w1(7,2)=7.4097194505e-002; w1(7,3)=2.9225905353e-001; w1(7,4)=2.3394247782e-001; w1(7,5)=7.2315901958e-001; 
w20=-4.5311137413e-002; w2(1)=-6.0202240645e-002; w2(2)=1.7496033732e-001; w2(3)=-6.6066724093e-002; w2(4)=-2.0550192947e-001; w2(5)=3.3060135936e-001; w2(6)=-3.1609335084e-002; w2(7)=4.9793957350e-001; 

