
%liczba neuronów ukrytych: 5, liczba wejœæ sieci: 5
%wejœcie 1: u(k-5)
%wejœcie 2: u(k-6)
%wejœcie 3: u(k-7)
%wejœcie 4: y(k-1)
%wejœcie 5: y(k-2)
%uczenie w trybie OE
w10(1,1)=-3.9608286155e-001; w1(1,1)=-6.0109310318e-002; w1(1,2)=-1.2979614463e-001; w1(1,3)=-2.5142849949e-001; w1(1,4)=-5.0783336187e-001; w1(1,5)=-6.8832589341e-001; 
w10(2,1)=-6.4194366791e-003; w1(2,1)=8.3671074567e-001; w1(2,2)=6.7302459723e-001; w1(2,3)=3.8676436445e-001; w1(2,4)=4.9322984852e-001; w1(2,5)=-1.2497629317e+000; 
w10(3,1)=-2.1758936220e-001; w1(3,1)=-2.5389082515e-001; w1(3,2)=-3.3529818036e-001; w1(3,3)=-6.5514589624e-002; w1(3,4)=2.8055630896e-001; w1(3,5)=8.2265593108e-001; 
w10(4,1)=-3.3086071390e-001; w1(4,1)=3.7383264185e-001; w1(4,2)=-3.2576885905e-002; w1(4,3)=-5.7788005864e-001; w1(4,4)=-1.0560571401e+000; w1(4,5)=-4.0913143303e-001; 
w10(5,1)=-1.2787765433e-001; w1(5,1)=-1.8143970809e-001; w1(5,2)=-9.0016994748e-002; w1(5,3)=2.2251956527e-002; w1(5,4)=-2.3594950764e-001; w1(5,5)=9.2743957069e-001; 
w20=-7.8954376165e-002; w2(1)=-3.9459581216e-001; w2(2)=1.1715432872e-001; w2(3)=3.0978932776e-001; w2(4)=-5.9867820334e-002; w2(5)=1.7218067418e-001; 

