
%liczba neuronów ukrytych: 6, liczba wejœæ sieci: 4
%wejœcie 1: u(k-5)
%wejœcie 2: u(k-6)
%wejœcie 3: y(k-1)
%wejœcie 4: y(k-2)
%uczenie w trybie OE
w10(1,1)=-5.9934397715e-001; w1(1,1)=-3.9080128034e-001; w1(1,2)=-1.4320279358e-001; w1(1,3)=5.4443312933e-002; w1(1,4)=9.5781600816e-001; 
w10(2,1)=-3.6133639462e-001; w1(2,1)=5.9347325724e-001; w1(2,2)=-3.1233912711e-001; w1(2,3)=-2.9802347801e-001; w1(2,4)=-1.0702990754e+000; 
w10(3,1)=4.7419846495e-001; w1(3,1)=-4.7810399868e-001; w1(3,2)=2.9557822249e-001; w1(3,3)=1.5983887194e-002; w1(3,4)=6.1144050317e-001; 
w10(4,1)=-1.6639983916e-001; w1(4,1)=4.0373652037e-001; w1(4,2)=-1.4178749510e+000; w1(4,3)=5.7913826227e-001; w1(4,4)=-9.3271619775e-001; 
w10(5,1)=-3.1539271960e-001; w1(5,1)=2.1764105407e-002; w1(5,2)=-1.2059350085e-001; w1(5,3)=-8.7832675728e-001; w1(5,4)=-3.0561004272e-001; 
w10(6,1)=-2.1444327204e-001; w1(6,1)=-2.6469008978e-001; w1(6,2)=-1.2361398460e+000; w1(6,3)=1.3470271326e-001; w1(6,4)=-3.3622150750e-001; 
w20=-8.8213670686e-002; w2(1)=3.1466895063e-001; w2(2)=1.0279711178e-001; w2(3)=1.6827025915e-001; w2(4)=5.6852777761e-002; w2(5)=-6.3405821872e-001; w2(6)=-1.6419433531e-001; 

