
%liczba neuronów ukrytych: 3, liczba wejœæ sieci: 4
%wejœcie 1: u(k-5)
%wejœcie 2: u(k-6)
%wejœcie 3: y(k-1)
%wejœcie 4: y(k-2)
%uczenie w trybie OE
w10(1,1)=3.7493895363e-001; w1(1,1)=-7.2774873990e-001; w1(1,2)=1.8023580808e+000; w1(1,3)=4.2525220365e-001; w1(1,4)=-4.3447822758e-001; 
w10(2,1)=5.7791915876e-001; w1(2,1)=-1.3652582837e+000; w1(2,2)=2.2273264277e+000; w1(2,3)=-1.0801384402e+000; w1(2,4)=4.7792498082e-001; 
w10(3,1)=-2.5678235572e-001; w1(3,1)=3.2297948465e-001; w1(3,2)=-4.2710636399e-001; w1(3,3)=-7.0856756208e-001; w1(3,4)=-4.2992542006e-001; 
w20=-1.0243051878e-001; w2(1)=2.0672839464e-001; w2(2)=-2.9207816473e-001; w2(3)=-7.1786867656e-001; 

