
%liczba neuronów ukrytych: 5, liczba wejœæ sieci: 4
%wejœcie 1: u(k-5)
%wejœcie 2: u(k-6)
%wejœcie 3: y(k-1)
%wejœcie 4: y(k-2)
%uczenie w trybie OE
w10(1,1)=-2.6832551280e-001; w1(1,1)=5.3214549375e-001; w1(1,2)=1.3660350806e+000; w1(1,3)=-1.1667103385e+000; w1(1,4)=1.9750911499e-002; 
w10(2,1)=3.0371882724e-001; w1(2,1)=-5.5456739075e-001; w1(2,2)=9.3393031632e-001; w1(2,3)=-1.7625344516e-001; w1(2,4)=1.0836257589e+000; 
w10(3,1)=1.4993390313e-003; w1(3,1)=-5.0132856619e-001; w1(3,2)=1.0446419669e+000; w1(3,3)=-6.4632006431e-001; w1(3,4)=7.6682709405e-001; 
w10(4,1)=-3.7398212274e-001; w1(4,1)=2.3832879841e-001; w1(4,2)=-8.4180189219e-001; w1(4,3)=-1.2228446305e-001; w1(4,4)=-1.1064168166e+000; 
w10(5,1)=1.0372609908e-001; w1(5,1)=8.3708693530e-001; w1(5,2)=-6.4554157430e-001; w1(5,3)=-1.5336872676e-001; w1(5,4)=-7.3517376674e-001; 
w20=-1.9682843739e-001; w2(1)=1.6497635140e-001; w2(2)=5.5506807407e-001; w2(3)=-7.8980910017e-001; w2(4)=-3.1392487824e-001; w2(5)=-3.2740819248e-001; 

